HandOpen,HandClose,Wrist Flexion,Wrist Extension,Supination,Pronation,Rest
1.353309585728887e-07,1.353309585728887e-07,1.353309585728887e-07,1.353309585728887e-07,4.059928757186661e-07,2.706619171457774e-07,9.473167100102209e-07
1.3257943117367246e-06,2.002449104601168e-06,1.596456228882502e-06,1.4611252703096133e-06,4.112713893783062e-06,2.9222505406192265e-06,9.821884016448627e-06
6.737359746691202e-06,1.3366331305374828e-05,9.253617411591763e-06,8.063154058427926e-06,2.113188067609166e-05,1.572031524113719e-05,5.084072397091065e-05
2.401305483535787e-05,5.661720590023078e-05,3.575598714128489e-05,3.0615083623476176e-05,7.493447227612752e-05,5.7658777187460854e-05,0.00017818397438341897
6.781500453648128e-05,0.00017727392421937685,0.00010539703344244145,9.050226506010243e-05,0.00020924843830932927,0.00016774711490394497,0.00048319966216723377
0.00016188904249354955,0.000448689158705301,0.0002566221609074186,0.00022391400399334987,0.0004942679749821397,0.00042395041895175163,0.0010950318860655014
0.00034042032114190807,0.000972993971874769,0.0005437712733456539,0.0004879828618579755,0.001030883690004541,0.0009746244161398036,0.002178258540960893
0.0006490431095561255,0.0018801374052039683,0.001038686315872426,0.0009714340177378719,0.0019534525014633965,0.0020692049853423223,0.00392930194660498
0.001145129055904316,0.0033261635178812544,0.00183175038414817,0.0018067873191028117,0.0034356122949692554,0.0040752924216258595,0.006571316646861289
0.0018965181874382065,0.005491807872518517,0.003032689626273775,0.003177594970043937,0.005703159692784223,0.007492429175677142,0.010348698364460122
0.0029789871586883613,0.008581614240725934,0.0047733052815034215,0.005319942373179643,0.009051982198443196,0.012979944497426964,0.015522971472533013
0.00447461501785337,0.012821831056743399,0.007213053217004321,0.00852674869241768,0.013864959833853163,0.021390012683811153,0.022369302329734823
0.006474553754791359,0.018456502746258895,0.010544641636668026,0.01316231573365131,0.020621377893522187,0.03378056071431385,0.03117193343375202
0.009087628738074694,0.02574348010347448,0.014995976692083449,0.019680546955084192,0.02989410729787056,0.05139971362323752,0.04221933647045688
0.012450673085382283,0.03495108508045724,0.020827959316471415,0.02863231032916868,0.0423349620611252,0.0756513530022663,0.05580136956880819
0.016734367357442253,0.04635453259615661,0.028330510595282035,0.040656771453977045,0.0586531253202813,0.10805186956404922,0.07220932278093053
0.02214241732277634,0.06023192633332412,0.037818529891212836,0.056462650311860624,0.07959200001134742,0.15018396637691697,0.09173735512303183
0.02890621063384646,0.07686090902077874,0.049627286091311264,0.07680594820066725,0.1059087718256611,0.20365036295338768,0.11468190941212995
0.03727773313563181,0.09651629923690971,0.06410644257399911,0.10246740771247047,0.13835853174147283,0.27002950700158657,0.14133662694791402
0.04752264621974068,0.11946761703355241,0.08161263548605276,0.13423185537802756,0.17768142293871533,0.3508365149148671,0.1719842105162248
0.059914674800887156,0.1459764194733473,0.10250097968332303,0.17287062803656628,0.22459070715352183,0.4474915141694094,0.20688905364856575
0.0747310079561879,0.1762948769102209,0.12711637790209235,0.21912653821532055,0.27976273688596864,0.5612950355078993,0.2462926638537391
0.09224737289854215,0.21066538354507044,0.1557853611331054,0.2736998229776065,0.343833270116192,0.6934085831446567,0.2904106477828796
0.11273251271326036,0.24931857974322494,0.18880918965386165,0.3372342122644906,0.41740796879661557,0.8448383829333971,0.3394294170864919
0.13644321831744521,0.2924682188573114,0.22645987838793266,0.4103045925470624,0.501093617327874,1.0164214552412976,0.3935027464352185
0.1636207139306592,0.3403046405275704,0.26898059199189583,0.49340921689217515,0.595540502694089,1.2088141086389872,0.4527493815062046
0.19448808097391143,0.39299156962297965,0.31658920989223766,0.5869670395407643,0.7014711232189038,1.4224830447152619,0.5172518474504416
0.22924804200315538,0.450672877888938,0.36948145045272407,0.6913170414037411,0.8196811287833731,1.6576994706844774,0.5870553438036088
0.2680804124943706,0.513494401248205,0.4278312898500502,0.8067164161388961,0.9510197573979612,1.9145367746872992,0.6621664947617034
0.31113880075851497,0.5816419641872248,0.49178944858646506,0.9333375245745859,1.0963628531644507,2.192871622012627,0.7425533959733467
0.3585474498584968,0.6553928289289814,0.5614812906070262,1.0712656015464517,1.2565861930528661,2.49238735483706,0.8281472999979883
0.41039990040865343,0.7351689262513479,0.6370057878365529,1.2204985561769304,1.4325411210642154,2.8125788822995896,0.9188445657399735
0.46675932533618886,0.8215714417450032,0.718439317697351,1.3809481667055385,1.6250308586656705,3.152759726947193,1.0145086921119435
0.5276584910699441,0.9153828164620039,0.8058466002632316,1.5524418062019907,1.8347861764742432,3.5120722739526054,1.1149732343280225
0.5930987668263632,1.0175395756129806,0.8992944260655618,1.7347256107228337,2.062442373059529,3.8895009330220676,1.2200450185101248
0.6630496244794235,1.1290901488979599,0.9988604997269466,1.9274699431613815,2.3085233498965607,4.2838873752184226,1.329506628812854
0.7374492578415215,1.251150229999321,1.1046340568548418,2.130275774935771,2.5734378060514227,4.69394724896383,1.4431184243291155
0.816206002934218,1.3848605915409855,1.2167105464362125,2.342680299479942,2.85748305063285,5.1182864968391355,1.560620979789884
0.8992005553716395,1.531347849537877,1.3351841216328932,2.5641620365570508,3.1608463966133002,5.555415329365683,1.6817385348909943
0.9862884247501393,1.6916929015444162,1.4601403646108035,2.7941460512630822,3.4836031660522115,6.003761008512142,1.8061837729206658
1.0773018925248312,1.86691918153759,1.5916502816278797,3.0320089796994836,3.8257170796857807,6.461682153034256,1.9336632143142571
1.1720516947866224,2.0580035292425825,1.7297657216099949,3.277084828478526,4.187041883585867,6.9274853861132,2.0638808662191646
1.2703286148139579,2.265893536888214,1.8745157821065699,3.528675296430178,4.56731933286914,7.399442366039286,2.1965390430866174
1.3719055431501483,2.491523076698821,2.0259027512743675,3.7860659615667385,4.966175578514794,7.8758038188338855,2.3313380949309965
1.4765419391533707,2.7358294042411333,2.1838958744734565,4.048542404110295,5.383120913238834,8.354809343496123,2.467975939443909
1.583990871018182,2.9997591313783456,2.348423491584111,4.31540141107615,5.8175515874409305,8.83469543763429,2.6061465097175267
1.6940050705860907,3.284251270542931,2.5193660609013193,4.585962580345848,6.268748684869479,9.31370430700163,2.745537632618855
1.8063392416407624,3.590210080947344,2.6965533345080948,4.859588161389633,6.7358735485638865,9.790093227230825,2.8858301246469917
1.9207499525429663,3.918479809465401,2.879770580198819,5.13570693410685,7.217965640329633,10.26214289568624,3.0266985955235466
2.0369962731431324,4.269817927250507,3.0687741568177507,5.413826417507178,7.713950846859482,10.728164726141664,3.167813245612132
2.1548438556347773,4.644864149303222,3.2633056813461048,5.693525792513824,8.222660623755372,11.186509088709919,3.308842325748371
2.274072159154901,5.044109635362717,3.4630952048787194,5.974438836365696,8.742850716111228,11.6355754256026,3.4494551099800344
2.3944800417155947,5.467871352053927,3.667856330240941,6.256241013875016,9.273212016949111,12.073821572603022,3.589324705500153
2.515885709278472,5.9162735727071905,3.8772796060858306,6.538651934778243,9.812379672382127,12.499769433487183,3.7281305542922203
2.638122723277863,6.389235726920862,4.091026699922578,6.821452296907908,10.358945984688525,12.912007850362372,3.8655613225279613
2.7610359661753945,6.886464240774164,4.30872684474084,7.1044964490791385,10.911473442826203,13.309194621599323,4.001318193923727
2.8844785866731466,7.407446930649706,4.529975660775907,7.387707948054485,11.468502976300547,13.69005805320283,4.135118027625626
3.008308578377217,7.951451319559402,4.754334365448468,7.671067469862342,12.028556487523568,14.053398633828738,4.26669607423617
3.132384309848263,8.517528610844987,4.98132855791777,7.954602892884084,12.590138272553226,14.398091579438365,4.395807463012237
3.2565600976221702,9.104523014315651,5.210448632099409,8.238379518735222,13.15174628495842,14.72308948204628,4.5222268380081525
3.380683394092937,9.711086214000872,5.441155225380958,8.522488372106574,13.711899014873095,15.027424836510946,4.645746751377523
3.504593899922544,10.335695623055777,5.6728899516935405,8.807036494981276,14.269172771698386,15.310213881561552,4.766175333848174
3.628123737624512,10.976671180501882,5.905085696066144,9.092141862813053,14.822246645326661,15.570661677903427,4.883333275906325
3.7510980982354942,11.63218845562206,6.1371730161160505,9.377929304217174,15.36995137562914,15.808066163765572,4.997051245205306
3.873337496341133,12.300292792969431,6.368588692077585,9.66452378096082,15.911307012934845,16.02181976052864,5.107169194637988
3.9946645584463014,12.978917114660662,6.598790088829896,9.952041088063753,16.445537999195285,16.211409297305998,5.213537225473737
4.114915882360755,13.66590002228675,6.827266423458898,10.240575809708846,16.972065030859973,16.37641612665812,5.316016754932211
4.23395388732978,14.359001980201688,7.053539307278777,10.53018686707686,17.49047698708251,16.51651713970041,5.414481231159083
4.3516728713155235,15.055920634036712,7.277157760729902,10.820883700474312,18.0004916723628,16.631485342505634,5.50881592018458
4.4679983068937625,15.754305044895089,7.497695431183989,11.112615980548384,18.50191762617833,16.721189311178925,5.598917070223534
4.582882632060376,16.451767720570302,7.714751005786782,11.405267131075602,18.9946264760372,16.7855928800531,5.684691390969642
4.696301884095125,17.145899109620512,7.927948780511883,11.698650075812074,19.478538126095167,16.824755483488214,5.766055930831611
4.808254817338524,17.83429656280962,8.136937442863358,11.992504017155582,19.953613125880686,16.838831583230807,5.84293746502133
4.918762280159407,18.514610227059965,8.341389440714563,12.286493021512635,20.419845451193478,16.82806818537793,5.915270815169215
5.027864218816038,19.184585330218336,8.541003539162354,12.580208504791159,20.877253557185153,16.792800885352946,5.982996866690387
5.135613829793806,19.84208140388796,8.735507484338257,12.873177256302117,21.325869757056132,16.73344936686621,6.046061593277455
5.242070151856121,20.485073263988927,8.92465690080561,13.164873660442732,21.76572611703288,16.650512850653815,6.104416327629378
5.347290999743356,21.111645992440874,9.108231661028622,13.454732363868105,22.19683655293925,16.544565222981582,6.158019315111027
5.451327116594302,21.71998793158181,9.2860325458205,13.742161824851365,22.61918091599195,16.41625030773522,6.206839231668887
5.55421824555286,22.308385952978536,9.457878869712076,14.026562184173935,23.032697397821693,16.26627820095887,6.250860099299869
5.655994098192093,22.875231852564642,9.623606793712794,14.307343535156196,23.437281919031737,16.09542163963406,6.290085616473901
5.75668107138592,23.419040657796888,9.78306795252598,14.583938116517476,23.832787332952993,15.904510753742166,6.324541696582858
5.856308394032368,23.93846690218223,9.936127275222727,14.855811253905806,24.219018360985014,15.694426239723835,6.35427734083547
5.954907874382755,24.432308720107002,10.08265977793037,15.122478109805309,24.595723749346348,15.466092102379216,6.379364247543762
6.052509915421683,24.899507797359465,10.222548064390343,15.383518343333765,24.9625878721228,15.220469455775975,6.399894966724902
6.149141159643098,25.339155728366773,10.355680993250385,15.638576705208132,25.31922388938226,14.958552043427536,6.415979606874098
6.2448244572977165,25.75050253931607,10.481951972066264,15.887352498850028,25.66517395337674,14.681362634772004,6.427742481892253
6.339578705261705,26.132956282980437,10.601256712620613,16.129589577914228,25.99992379789386,14.389950272763302,6.435320105525465
6.433417099066704,26.486071845634033,10.713491813530167,16.36507126017553,26.32292943731843,14.08538982625564,6.438860170233538
6.52634426377872,26.80953604118787,10.818554730081235,16.59361552694573,26.633641557419807,13.768783230694723,6.438520520254995
6.618353208972072,27.103159310159597,10.91634434516255,16.81506659291694,26.931520720036588,13.44126106792209,6.434468258854452
6.709422615583183,27.36688733404325,11.006761082327662,17.029284462649663,27.21605091060195,13.103988381227529,6.426879643320336
6.799515137351415,27.60083221977967,11.089706652399498,17.236134922854482,27.48675515013845,12.758176600954913,6.415940744968096
6.888577393528197,27.805297133038284,11.165084191819021,17.43548034821572,27.743206678966253,12.405091209749015,6.401848163727705
6.976541363144325,27.98077707269618,11.232798592195339,17.62717135424679,27.985034945870805,12.046046073390219,6.384809079860462
7.063326647513875,28.127951317909933,11.292756447595782,17.81103972523098,28.2119437263705,11.682390675486339,6.3650404746722735
7.148843554120579,28.24767996570683,11.344865699962234,17.98689417037549,28.42375228521081,11.315499952456449,6.342767398342888
7.232996810447526,28.340993230562283,11.389035595463282,18.15452067155633,28.620433917150542,10.946767024357303,6.318220068754952
7.315688788945066,28.409068998192158,11.425179070229735,18.313688237807757,28.80212131190793,10.577594415160707,6.29163086698284
7.396820388307333,28.453211290316847,11.453219923929733,18.464163334806155,28.96908498452053,10.209382638556665,6.263233321938432
7.476289046502186,28.47483333787698,11.473102279763923,18.605733317694902,29.121707962944893,9.843517998284373,6.233263132476518
7.553985541956249,28.475435217512164,11.484796312215169,18.73822662970541,29.260468440104777,9.481360868487073,6.201958656706577
7.629791366437272,28.456572439187397,11.488298774767554,18.861517649847176,29.385932099973715,9.124234949866354,6.169559186009759
7.7035773061016775,28.41982355966118,11.48363195895501,18.975519700566224,29.498746951151208,8.773418036414672,6.136301432019879
7.7752029183638065,28.36676589833284,11.470843399639953,19.080177420836648,29.599627739172316,8.430134442390647,6.1024148829341405
7.844516228709183,28.298961227746627,11.45000603578221,19.175465636895233,29.689326763380198,8.09554878542176,6.068116590583056
7.911353498946718,28.21794495201807,11.421219256491208,19.261393530679218,29.76860028843362,7.770760320321256,6.033606539589844
7.975539622011372,28.125211263693394,11.384611435241645,19.33800585206922,29.838179248905842,7.456798382742188,5.999065615987993
8.036890938444328,28.022194060845823,11.340341571012507,19.40537611450299,29.898747781883536,7.154623040057095,5.964658183293221
8.095223516782486,27.91025071868933,11.288597158827905,19.463596728217816,29.950931002531263,6.865132034667118,5.930537841414696
8.150366565441919,27.790659209855306,11.229589800277596,19.512775457305924,29.995290860289757,6.589165988830321,5.8968514881781315
8.202175453710314,27.6646325694759,11.163552131895376,19.553041552868443,30.032326010549152,6.327505345380791,5.86373935161611
8.250541721687686,27.533339291921102,11.090736262693492,19.584555453145615,30.062472043805364,6.08086415990823,5.83133281737611
8.295401501537558,27.397915209490538,11.01141154965463,19.607516717944243,30.08610070710581,5.849887691575449,5.799751853218033
8.336739332759189,27.25946454164895,10.925861306350455,19.622172498359873,30.103518649427382,5.635151548477517,5.769102428930263
8.37458403914758,27.119056138081625,10.834379219182662,19.62882717978104,30.114966678773953,5.437157283840934,5.739473854222255
8.409000590735966,26.97772289965644,10.737265570520115,19.627845834604692,30.12061951928857,5.2563256285906785,5.710936382547982
8.440082856297071,26.83646704660082,10.634823898268273,19.619646122742367,30.120587270794083,5.092991493941559,5.683540852093262
8.467947721321053,26.696261256098328,10.527359683657554,19.60468435965448,30.114921687466634,4.947401522769223,5.657321908849297
8.492729451130417,26.558035842362862,10.415184089787724,19.583443921666706,30.10362647897873,4.819712755515114,5.632303568572947
8.514573927321743,26.422657085523685,10.298626744947942,19.55642558680649,30.086664947090835,4.709991902109947,5.608504295694739
8.533633409624994,26.290908100115328,10.178054019078218,19.524135939351325,30.0639600840398,4.6182153400856745,5.585939570445198
8.55006316323619,26.163476779794344,10.053879623364493,19.487074380198298,30.035389384167658,4.544269521804183,5.564621278852926
8.564020338159393,26.040947913177867,9.926560971146381,19.445720849187385,30.000780098965265,4.48795179895155,5.544555741741517
8.575663075572281,25.923795278376566,9.796588791402435,19.40052449069853,29.959910287577838,4.448972749228255,5.525744463060002
8.585147508931172,25.812373015731673,9.66447854022445,19.35189331262079,29.912518302120144,4.426960594102476,5.508189117793969
8.592622963507473,25.706909388917957,9.530764468814397,19.3001855513696,29.858320669917546,4.421466660583651,5.491896930232176
8.598227129038701,25.60750733600879,9.395993487200931,19.24570330520662,29.797041147904338,4.4319710113691215,5.476882476323804
8.602081983273035,25.51415203596097,9.260717581562847,19.18868886295742,29.728448512442682,4.4578884703787995,5.463166525435348
8.604290280657631,25.426719318823714,9.12548610631173,19.129324846352812,29.652383841774505,4.498575353684311,5.450774102218974
8.604932855082474,25.34498040519977,8.99084012221742,19.06774022963488,29.568763234595654,4.55333714156674,5.439732481465223
8.60406760563604,25.26860517648269,8.85730998017835,19.00402218530339,29.477566451374113,4.621436584548349,5.4300692949904645
8.601730304710724,25.197167694605437,8.725414908110801,18.93822872519332,29.37882571360237,4.702100326456367,5.421810355404416
8.59793649718274,25.130156692663444,8.595661656653679,18.87039692176103,29.2726166755083,4.794522772675208,5.414976205312202
8.592684143590947,25.066991805979608,8.468540496548686,18.800546991777782,29.159051286238732,4.897869732087012,5.409577692811096
8.585956708422392,25.00704145152832,8.34451912214821,18.728685385737542,29.03827566779657,5.011287957818553,5.405612330479029
8.5777254914013,24.9496384281124,8.22403604153263,18.65480824499666,28.910473574121802,5.133921814746485,5.403062726864623
8.567950503202788,24.89409425356401,8.10749516654,18.578904703939568,28.775870507885674,5.264929673449399,5.401896753864247
8.556580965460457,24.839711993817133,7.995263121597364,18.500959474721633,28.634733376328143,5.403497497292611,5.4020681970371225
8.543556593643654,24.785797397640184,7.887670465833318,18.42095426593336,28.48736591916637,5.548853815756208,5.403517534315419
8.528809510367086,24.73167835352601,7.785016514174923,18.338867418107743,28.33410302054498,5.700281342393654,5.406173498563077
8.512266110235023,24.6767380975152,7.687574318815955,18.254671962095344,28.175304574661208,5.857116542372677,5.409955266778161
8.493848321345897,24.620443442186495,7.5955928622854,18.168333246765595,28.011348111750998,6.018739744861153,5.414774187013152
8.473474091129372,24.562349821580238,7.5092991121277555,18.079807623696336,27.842620378773177,6.184564324261694,5.420534567319251
8.451057510979629,24.502090631494504,7.428902912488974,17.989044332835807,27.669507925736532,6.354028685890464,5.427134102378018
8.426509195190715,24.439365652207098,7.3546009941265895,17.895993496784392,27.492386496896085,6.526590272617492,5.434464414014934
8.399737546960509,24.373936045292233,7.286577621824542,17.8006207172505,27.311610450087546,6.7017207876214915,5.442411144532743
8.370651275130072,24.305630568270058,7.225009253183412,17.70292258507028,27.127506462377784,6.878903042367383,5.450853559407522
8.339162350315005,24.23435765129547,7.170077930035041,17.60293612594694,26.940377904264125,7.057629061051958,5.45966539291871
8.305188456361865,24.160107339240184,7.121982736055356,17.50074172812014,26.750520291428376,7.237397902059853,5.46871819281516
8.268655932290875,24.08293672000601,7.08093874355356,17.396464166408244,26.558236561887192,7.417712353982133,5.477886110151965
8.229503733562193,24.002950456873187,7.047169796899285,17.29027551916208,26.3638409523843,7.598076279137992,5.48704988945754
8.187685843453602,23.920293862444613,7.020905438460886,17.182398570252893,26.167653612309717,7.7779970202188045,5.496098237289744
8.143170739522667,23.835163048299915,7.002379893876768,17.07310452497874,25.969993692545003,7.956993807627285,5.5049262108713615
8.095940484131138,23.74781482114856,6.991825967012383,16.962702002264795,25.771172792053687,8.13460550634548,5.5134321493640215
8.045991271849314,23.65855879247468,6.989463793548721,16.85152148899305,25.571489893539415,8.310392134399882,5.521515637950881
7.9933340596867914,23.56773775272666,6.995489119029291,16.739901477151896,25.37123058497071,8.483931945443096,5.529077978944151
7.937994291408578,23.475715555035876,7.010063442696663,16.628179043630492,25.17066817140102,8.654817786642523,5.536024567592178
7.880011684512079,23.382880780408705,7.033305750993913,16.516682588592694,24.970064281154144,8.822655371088365,5.542267561160168
7.819440327313975,23.28965477887482,7.065286545047135,16.40572307856676,24.76967202736041,8.987064908641413,5.547727788509436
7.756348063667654,23.196488599860754,7.106027140056127,16.295583962878883,24.56974133086382,9.147684233141375,5.552335999743266
7.69081529124261,23.103849369832098,7.155504949963592,16.186512644044377,24.370523331145225,9.304170251484173,5.5560340886568635
7.6229342347963405,23.012207333850153,7.213659407804992,16.07871542949196,24.172276260655902,9.456199265099642,5.558776532298269
7.552808198840113,22.922026490393904,7.2803937341283,15.9723558576006,23.975272251174587,9.603471233800054,5.560531834918816
7.4805494486203585,22.833752629213016,7.355575217716779,15.867554087924342,23.779796763958796,9.745719741315419,5.561283123778502
7.4062764030224795,22.74779703005043,7.439038105549692,15.76438491249371,23.58613805775713,9.882719915075347,5.5610270798898265
7.33011220110655,22.664520994762412,7.530586847500517,15.662874724474147,23.394573843830166,10.014286922341467,5.559772191868649
7.252184677020855,22.584225843756492,7.62999500560247,15.562999502318432,23.205361433778894,10.140267719197787,5.557537829576903
7.172625715867761,22.507150987498132,7.737000006769507,15.464684933611455,23.018732414151465,10.260532155941823,5.554353585207197
7.091569430486313,22.433479084503034,7.851297621955634,15.367808882653692,22.834890045159796,10.374965868748255,5.550257479207121
7.009150755347354,22.36334125737718,7.9725385414983245,15.272206189919258,22.654008002552978,10.483465020754869,5.545293532713224
6.925505347901098,22.296816762416455,8.100327324523338,15.177674936097791,22.476230532040013,10.58593305148495,5.539511159726553
6.840770146832095,22.233928597299325,8.234224045045037,15.083983431223471,22.30167283031145,10.682280207975033,5.532967400922914
6.755083773017986,22.174638910541425,8.373748173005037,14.99087825328541,22.130419057628465,10.772426167899496,5.525729530592924
6.668586381682829,22.11884642956542,8.518382646836866,14.898092220797409,21.962517399596603,10.856304189242719,5.517875200264657
6.581419197525766,22.06638646753443,8.667577546832511,14.80535002881401,21.797975688109798,10.933864528940495,5.509490149105659
6.4937241987118925,22.017035546207484,8.820754786953641,14.712372168240362,21.636762878083196,11.005078409647263,5.500665581869839
6.405643650723727,21.97052572971346,8.977313471215483,14.618879961956717,21.47881748325279,11.069945457708146,5.491496801897244
6.317318843210448,21.926570741976736,9.136633579377259,14.524602244826115,21.32405778250193,11.128501376371693,5.4820828844320895
6.228887923789634,21.884901392538314,9.29807826921803,14.42928150894653,21.17238870835799,11.180819274614036,5.472526519649173
6.140483167091156,21.84530429254649,9.460998978184902,14.332677874131207,21.02370700259257,11.227004266404236,5.462933717835284
6.052228374534103,21.80764855939535,9.624745464096941,14.234572286375233,20.87790785285813,11.267186024566984,5.453413128359052
5.964237514498929,21.77188671962897,9.788677694063987,14.134774293833559,20.73488977945186,11.301512208360307,5.444074235998513
5.87661562307865,21.738035124726878,9.952177012760783,14.033136777936951,20.594555026659414,11.33014337806302,5.435024261955061
5.789461673530396,21.706149974687442,10.114656388603587,13.92956928545298,20.45681250181876,11.353250281085005,5.4263650089450195
5.702871784217515,21.676311104696392,10.275567547737548,13.824043017195464,20.32158936543532,11.371013784840352,5.418190666410279
5.616941695774843,21.64861737527817,10.434404203191708,13.716594129627504,20.18884295482551,11.38362519652281,5.410586036940018
5.5317684673610374,21.623188744428774,10.59070553470446,13.607330398638164,20.058562308974054,11.391283899807577,5.403624603547906
5.447451498508805,21.60016641551758,10.744060728646115,13.496433520075534,19.930766420989507,11.394192019499243,5.397367187730084
5.3640932450195615,21.579704884109482,10.894108716437149,13.384151357628935,19.805517543497103,11.392548509193993,5.391862478197962
5.28180006938639,21.56195695315735,11.040530985237007,13.270784615243446,19.682951083150595,11.386544362712081,5.387149899325579
5.200683581504225,21.5470596353723,11.183043301207045,13.156673054131197,19.56330067041401,11.376359374990882,5.383263668135252
5.1208624785663694,21.53512537479696,11.321391138687098,13.042182206080689,19.446903557247627,11.362161046372933,5.380235856590643
5.042463797218222,21.526235216652047,11.455347114890715,12.92769041686464,19.33419216609619,11.344105401065882,5.3780972336868755
4.965622699813049,21.520431148587612,11.584707384221701,12.81357690386947,19.225678286467122,11.322338414846168,5.376876550631167
4.890480916525638,21.517709432766363,11.70928682952024,12.700211786905962,19.121931848424452,11.296997516202564,5.376599516083705
4.817183697711451,21.518016540327306,11.828913756038459,12.58794830894826,19.023560973695034,11.268213938924939,5.377287809188023
4.745875729171688,21.521246526947678,11.943424678623956,12.477117393201995,18.931196197865255,11.236117896354274,5.378958414719239
4.676697620966798,21.527238069205538,12.052660635225656,12.368025026463343,18.845473451505534,11.20084677459,5.381624048786405
4.609783465668965,21.535771751115828,12.156467119874332,12.260951738494763,18.767015078871246,11.162551163337227,5.385294064072156
4.545258636259732,21.546571060335026,12.254699818854512,12.156152327038821,18.6964143171889,11.121394122218216,5.389974243815288
4.483237686324463,21.55930849802035,12.347234572028057,12.053854992032642,18.634224098561205,11.077546545873208,5.39566542498569
4.423823594676364,21.573612573041725,12.433974499169206,11.954260156485459,18.580946753579905,11.031183610973667,5.402362684351248
4.367110021529464,21.58907193722464,12.514849655246996,11.857539885139488,18.53702317566061,10.98248270138854,5.410056493074342
4.313185985128773,21.605240016979277,12.589811385601859,11.763839041288026,18.502821647941225,10.931620538842811,5.4187346494170905
4.262139450223809,21.62164597954859,12.658825013276877,11.673277591902545,18.478626383736867,10.878768900119677,5.428383054729322
4.21405752239496,21.637811664810467,12.721862912921091,11.585953016027249,18.464626926415434,10.82409047624006,5.438985939421628
4.169023999130531,21.653267559123126,12.778900595469752,11.501943719331779,18.460910426766436,10.767736821835214,5.45052658510141
4.127115753090372,21.66756216113704,12.82992019526751,11.421314034915039,18.467457187625516,10.709850490535542,5.462987492145753
4.0883995829555975,21.680267410544623,12.874921962830646,11.344119761235703,18.48413879705432,10.650572041210117,5.4763488745907924
4.052930861783956,21.69098716035038,12.913935300080292,11.2704125534624,18.51071988037593,10.590047776401478,5.490586090746496
4.020753278164322,21.69936769165488,12.947020667503795,11.200241269007332,18.54686465515188,10.52843264822063,5.505667611056327
3.9918986701227785,21.705101148511083,12.974264517276984,11.133650395233989,18.592146323646404,10.465888340693626,5.521554552236064
3.9663880294018576,21.707918631733783,12.995775095417406,11.070678966521324,18.646056558748434,10.402580414292139,5.53820110122424
3.94423507487065,21.707578874881076,13.01168238805262,11.011363555414565,18.708014459910668,10.338675943913264,5.555554448721673
3.9254519974988975,21.70385864542926,13.022140883488312,10.955744261195216,18.777376097579516,10.274340375742192,5.5735541980565095
3.9100549767431,21.69654972735401,13.027332657527081,10.90386883146625,18.853447976638304,10.209733527928229,5.592132043966769
3.898066424948395,21.685465925352666,13.027467248809483,10.85579422424846,18.935505293776988,10.1450065885925,5.6112115535659175
3.88951329218617,21.67045445235332,13.022776174704568,10.81158833761932,19.02280869535545,10.080301338500648,5.6307077761165765
3.884423666492781,21.651400374693555,13.013503819235305,10.771330066625149,19.114615221992,10.015750801431226,5.650527951180822
3.8828239338349353,21.62822257126354,12.999897669777997,10.735104862229157,19.210188133592453,9.951479562948714,5.670574736803414
3.8847368499159165,21.600869171068407,12.982199677303305,10.702998445037041,19.308810536994894,9.887603139938355,5.6907509034498815
3.8901793082951017,21.56931532743907,12.960639771767024,10.675093585444015,19.40980322946255,9.824227268442142,5.710962842349441
3.899159091909376,21.53355980090748,12.93543220769001,10.65147065817742,19.512547403588943,9.761447549650349,5.731122095555184
3.911671537405183,21.493619661691977,12.906774702768804,10.632206660709604,19.616507887931665,9.699348859917029,5.7511459188472625
3.9276968765605202,21.4495247540673,12.874849613461626,10.617368526632452,19.721243204704347,9.638004451337048,5.770956771926822
3.947197922535011,21.401310972026454,12.839826222244563,10.607003398140266,19.82639499277456,9.57747577266181,5.790480128300612
3.9701180976618353,21.349011328747167,12.801862953219157,10.601130399054135,19.931667067054935,9.517813161790887,5.809642171887366
3.9963807443647927,21.29264688173081,12.76110909097063,10.599736108778238,20.036809876751605,9.459055622484277,5.828369746343087
4.025890465995646,21.232220427406013,12.717709317072345,10.60277506616689,20.14161434564469,9.401228650161709,5.8465926876743
4.058535445604806,21.16771394721981,12.6718145245863,10.610175079486323,20.24590762410987,9.34434187181522,5.864247788803604
4.0941887820873974,21.0990886477357,12.62359429986832,10.62184341406853,20.34954773861627,9.288388758969626,5.88128456069884
4.13270861432124,21.0262864688355,12.573242662918423,10.637669141629699,20.452421876452103,9.23334859643885,5.897670990170591
4.173937951382815,20.949233602553573,12.520975732581121,10.657520848167673,20.554448723173685,9.179189866226489,5.913395382474298
4.217704558312055,20.867846560919684,12.467025518698888,10.68124265146098,20.655580379461092,9.125874602321467,5.928464277312733
4.263821453198219,20.782039555600818,12.411632534335178,10.708651919802847,20.755801023262453,9.07336251971296,5.942901238208495
4.312088864256926,20.691730929900533,12.355038236745125,10.739539808589242,20.855120334395345,9.021612722751648,5.956748522043506
4.362297364153841,20.596846809259127,12.297478537531106,10.773673310280437,20.953561247504137,8.970582461867084,5.970067933416913
4.414230843954954,20.497321602516507,12.239178976152102,10.81079691286275,21.05114720839442,8.920225266993654,5.982937996719724
4.467668505932428,20.39309646337147,12.180350934538652,10.850632724914876,21.147898863692774,8.87049131851194,5.995448964813272
4.522386845398237,20.284116926424595,12.121188370924187,10.892879653040774,21.243844194751432,8.821330860645661,6.007697895244999
4.578164035452916,20.17033045553584,12.061864912586417,10.937213347010855,21.33903009146758,8.772698413231817,6.019784265032717
4.634787147312246,20.05168491678069,12.002530768226958,10.983287758434797,21.433519846818594,8.724554307399865,6.0318056913814875
4.692058574913498,19.928129057666094,11.943309433609103,11.030738702745472,21.52737756374159,8.676862786577091,6.043853678884791
4.749798301411103,19.799614891011046,11.88429634276501,11.07918970334659,21.620651635315383,8.629589095356044,6.056010144881682
4.807842990031753,19.666100374643907,11.825563218400148,11.128258945074379,21.71336387413562,8.582697689903013,6.068345191162354
4.866045871550002,19.527551336182537,11.76716796455717,11.177566352574079,21.80550374849878,8.536152074726647,6.0809154018028515
4.924280113421309,19.383943826673857,11.70916309589188,11.22674092766112,21.897026115590588,8.489916242523304,6.09376193705363
4.9824435985753155,19.23526867015137,11.65159741029628,11.275427224031473,21.987850672890332,8.443956990781173,6.106908781369778
5.04046095526466,19.0815415000464,11.594513337568953,11.323289104719345,22.07786083546887,8.398245285907228,6.120362249685411
5.09828165634105,18.9228231565326,11.537944060714489,11.370010125411435,22.166900452742286,8.352755333153253,6.13411276672017
5.155876408703957,18.759245277255044,11.481912542360522,11.415291421035267,22.25476968622226,8.307461788667784,6.148138622227782
5.2132350324546675,18.591023611475126,11.426433080716643,11.4588493473293,22.34122723847456,8.262336318509282,6.162409796306626
5.270366791092761,18.418451095935296,11.371512880087154,11.500414180093156,22.4260067147416,8.217344638946894,6.176890159091481
5.327300934246702,18.241883242423807,11.317151176043161,11.539729022382456,22.50884169036129,8.172445093879945,6.191538041774357
5.38408535033068,18.061731778834563,11.263337201632499,11.57654917072661,22.58948187818128,8.127589063703361,6.206306152929797
5.4407832723228795,17.87846722684218,11.210048338695001,11.610645385261725,22.6676919917905,8.082722735831764,6.221141917796446
5.497468840563193,17.69261781396393,11.157248061649435,11.641813799814553,22.743244625025458,8.03778969181981,6.235989788741675
5.554223015692942,17.504757072799258,11.104884984075312,11.669889158784851,22.81592435049907,7.992733848766467,6.250796210754902
5.611131463981215,17.315485471787948,11.052896089044989,11.694754675973945,22.88554779875764,7.9475025033904645,6.265514362937848
5.668284351806394,17.125415978759325,11.001213871685808,11.716345393013542,22.95198664420439,7.902048997402689,6.28010483657439
5.72577660974655,16.935172121751947,10.94977222180298,11.73464611999532,23.01517571165187,7.856333938355401,6.294533114073597
5.783707347208591,16.745398408357314,10.898507383699357,11.74968683461892,23.075101827310537,7.8103244014549364,6.30876799793421
5.842177627708491,16.556768814074896,10.847355423041645,11.761537394765256,23.13178319433313,7.763991763425889,6.322782600476987
5.901286533638963,16.369981703268074,10.796248922356805,11.770299982029563,23.185251120790348,7.717309268092614,6.33655618370852
5.96112630988282,16.185745605991617,10.745114467177082,11.776098439081691,23.235540210149807,7.670250093201258,6.350074623754342
6.021778606078196,16.004763294595257,10.693871374262226,11.779067403638555,23.282686038265485,7.6227864041921904,6.363328519958305
6.0833150743559194,15.827715140008385,10.6424325509013,11.779343352354639,23.326726410101355,7.574889639174493,6.376309817656164
6.145802464862999,15.655242173535923,10.590711419416921,11.777057089050238,23.367705513221527,7.526532066501077,6.389008902387409
6.209306293535739,15.487931392573097,10.538635969388679,11.772327144493158,23.405681435904935,7.477689623893163,6.401413351859862
6.273888945402105,15.32630535933285,10.48616132113685,11.765254050364154,23.4407330309272,7.428345343190828,6.413507661206838
6.339605301556707,15.170817024293981,10.433272969273224,11.755915989573296,23.47296108944516,7.378491560114218,6.425272418540902
6.40649886574956,15.021849771823698,10.379984088629024,11.744367025564028,23.50248523003463,7.328129594220499,6.436682646474143
6.474597431401189,14.879720293333174,10.32633369644069,11.730638306893505,23.529443684148745,7.277267631303894,6.4477065834937575
6.54390860291069,14.744681199539013,10.272386733901584,11.714741162855566,23.553997859957754,7.225918658367127,6.458306209053419
6.614417601246985,14.616924916065589,10.218232973875953,11.696670491886827,23.576332977473708,7.174099149996152,6.4684394617736425
6.686087674758773,14.496592127252397,10.163982928772674,11.676407942198377,23.596648957404255,7.121827440096387,6.478062452516557
6.758861435780087,14.383784229821115,10.109761762524684,11.653926912922039,23.615146881974546,7.069121322560268,6.487130284328006
6.832662411995437,14.278581302011721,10.055702609478022,11.62920085722795,23.63201654522612,7.015996825746532,6.495597807024825
6.907396633637613,14.181065885376665,10.001939650683344,11.602213185106361,23.647425800338443,6.9624695925959825,6.503422202231912
6.9829532969481525,14.091341050895654,9.948600974974141,11.572968418819116,23.661514426903814,6.908556738005728,6.510566067697541
7.0592037377463335,14.009537755307614,9.895802341944739,11.541505364289431,23.674394936810046,6.854276353280793,6.516998277972473
7.135999340607239,13.935827761303402,9.843643967491538,11.507910026327936,23.686154723562332,6.799644962725626,6.522692739314612
7.213170540678497,13.870448787233514,9.792210793812023,11.472328566893413,23.696853069147267,6.744675386630383,6.527627068989027
7.290528931290291,13.813722035977648,9.741574121956464,11.43498188562466,23.706515392388415,6.689377008469579,6.531781504942334
7.3678724384171765,13.766049403132628,9.691792714183265,11.396174536040384,23.715129583950127,6.633759085446083,6.5351370745032895
7.4449917102807905,13.727899044854302,9.642913454515604,11.356291037653175,23.72264428959828,6.57783675302375,6.537673056975043
7.521674964433042,13.699784446889426,9.594972459359496,11.315784705807799,23.72896737324234,6.5216387058544285,6.539364325649394
7.597709741558542,13.682235239220109,9.547996815631446,11.27516562389824,23.73396474106189,6.4652144671080505,6.540179323088944
7.672883061518526,13.675766083700937,9.502005995583474,11.234987505788178,23.737461836714562,6.408638728747851,6.54008008790864
7.7469819075895865,13.68085360453803,9.457012041733982,11.19583192188388,23.739250456371895,6.3520118382027215,6.539025047420978
7.819793574162212,13.697923288466129,9.41301915785197,11.158290872366106,23.739098747218108,6.295457639713694,6.536973346670917
7.891104553625537,13.727340455054463,9.370024183797627,11.122950182720702,23.736757571215296,6.2391202468264195,6.53388859526509
7.960698398454939,13.76939988069638,9.328018196532215,11.090375744835645,23.73196097824831,6.183160242396554,6.529740580084353
8.028354424229077,13.824313755498869,9.286987924426514,11.061102324332362,23.724426904279234,6.127750318933623,6.524504605817043
8.093847950590515,13.89220073588345,9.246915770254677,11.035623049279138,23.71386308082061,6.073070654787416,6.5181589076234525
8.156950861830705,13.973079155823667,9.207778432646151,11.01437885521146,23.699974139517575,6.019304141489092,6.510681077548128
8.217432298894304,14.066864802770898,9.169544956863014,10.997748798091592,23.682466334761166,5.966631564145426,6.502044700966455
8.275062980330798,14.173369724745886,9.132176123758814,10.98604211202962,23.661058506667448,5.915227636246949,6.492217450063964
8.329625394265504,14.292299578740682,9.095627793991522,10.97949284273835,23.635506870931618,5.865258748821595,6.48116176324339
8.380924264770425,14.423252665743563,9.05985783181259,10.978257697288335,23.605632764943085,5.816882024669748,6.468838307596709
8.428790272359253,14.56572387118227,9.02483243988506,10.982416091644994,23.571337219815288,5.7702449154291715,6.455210842432981
8.473078048476701,14.71911036503633,8.99052958951799,10.991971393044736,23.532599023656424,5.725485116399854,6.440250242540722
8.513663847184269,14.882715107988007,8.956941223691173,11.0068545491072,23.48946400279236,5.68273061012538,6.423935862710393
8.550445551258324,15.055749173385857,8.92407535004328,11.026931844150521,23.442037001235143,5.6421000884357895,6.406254023941277
8.58334402514021,15.237334950555018,8.891956092371487,11.052018392986296,23.390480199609307,5.603703949677095,6.387195525697873
8.612303222728316,15.42651068201983,8.860619754828898,11.081897351386145,23.335009261223057,5.567644261068588,6.366754705718352
8.637287768445935,15.622237085197355,8.830109447135253,11.116339695314315,23.27588446053069,5.5340119854978,6.344930724421164
8.658279720109233,15.823408389405603,8.800475118557397,11.155121013102647,23.21340729257942,5.502882574099919,6.321729825087091
8.675277278747547,16.02887014287437,8.771782324579917,11.198040158114745,23.14792819051817,5.474312753139821,6.297167124259894
8.688295637176138,16.237440834934663,8.744122931780222,11.244940007812813,23.079858768447952,5.448340119314512,6.271267029570441
8.697367376727328,16.447930094423242,8.7176175670533,11.295719775311266,23.009679736088433,5.424985051637834,6.2440626549385
8.702540711208876,16.65915287831338,8.692408405233229,11.350335676332682,22.93793705632936,5.404253547869979,6.215596042080169
8.703876125060209,16.86994545508643,8.66864890855818,11.408797429743382,22.8652237457837,5.386139424303264,6.185919837084914
8.701442560974854,17.079182320133764,8.646495439261702,11.471162575498695,22.792153730189085,5.370624749937844,6.15509848670471
8.695314247026767,17.285786806658507,8.626101488265693,11.537525671303237,22.71933627121928,5.3576793851786215,6.1232072465895175
8.685568909111387,17.48873297155405,8.607613867353392,11.608003862626465,22.647354278287278,5.347261841015547,6.0903298134904365
8.672287277304145,17.687042349039125,8.59116962453208,11.682722427203792,22.576746186618063,5.339321889192543,6.056556083167558
8.655552841148687,17.879779681750517,8.576893067221599,11.761801354149103,22.507991504856776,5.333802804444695,6.0219800413071045
8.635450996758687,18.066049651670244,8.564893204994949,11.845342465948542,22.441500745147987,5.330641514286147,5.986697387123286
8.612069198796716,18.24499475705892,8.555261050113987,11.933417499505996,22.377608628109538,5.329767723223337,5.950803788335646
8.58549995632714,18.415794435385443,8.54806591782943,12.026057889173515,22.316568527691256,5.331104390534149,5.914395303265602
8.555844328633098,18.57766562667761,8.543351402825142,12.123245757793633,22.25854783589424,5.334570530919824,5.877570965356607
8.523212776966245,18.72986355492556,8.54113294854067,12.224905432508608,22.203625196425097,5.340086271967324,5.840435183337392
8.487724236481709,18.871682400899527,8.541398142504995,12.330896148505419,22.15179076082096,5.347580067931149,5.803098177739687
8.449505364365073,19.00246006588159,8.544108448511386,12.44100782486059,22.102951439822178,5.356996181006326,5.765675743265168
8.408689933438373,19.12159213144815,8.549200078920414,12.554961402279625,22.056941043082848,5.368299521594081,5.728290213319736
8.36541807313723,19.228552500666105,8.556584449423884,12.672412983993565,22.01353079274533,5.381477410431168,5.691072510504318
8.319835659151378,19.32290986024709,8.566151562712863,12.792959466313473,21.972438812123006,5.396539582671874,5.6541636771057515
8.27209341853311,19.404331290425112,8.577776559863144,12.916146311995558,21.93334233050772,5.413517541934882,5.617713905630383
8.222344996621661,19.47257469599629,8.591324563027012,13.041482961691042,21.89589112985536,5.432463773950657,5.581878852947589
8.170744744861194,19.52747690922063,8.606650939095848,13.168466153783978,21.859715851655142,5.453449614145231,5.546815685732809
8.117446938938143,19.568940977817213,8.62359973268772,13.296598889423985,21.82443226681863,5.47656026994463,5.512680728266831
8.062606714273953,19.5969247190618,8.642004711930287,13.425395093923555,21.78965560490662,5.501887725598587,5.479627912224609
8.006381702758102,19.611436556231684,8.661694710250377,13.554375508137744,21.755039900796685,5.529522981378776,5.447806956568681
7.94893447410603,19.612542334362313,8.682499952869943,13.683065172708526,21.72033430675192,5.559549238615747,5.41736162789329
7.890437607803244,19.600374960896055,8.70425461119913,13.810995251353168,21.685426012337555,5.592040313604307,5.388428097075262
7.831081478275149,19.57513473900207,8.726795017061967,13.937706481560319,21.650350061214873,5.627067141299452,5.361132322849165
7.771080566539146,19.537079726244297,8.74995626655098,14.06275241265052,21.615273298888848,5.664706835512837,5.335586557961061
7.710674629704779,19.48651577741635,8.773569068185536,14.185703095087261,21.58047060894216,5.705046215067851,5.31188670027757
7.650125343930959,19.42379267885696,8.79745726557569,14.306149885390864,21.54630381417713,5.748178703246219,5.290111205935581
7.589710090422228,19.349303374339,8.821436782655448,14.423708769914612,21.513201666467165,5.794198162730801,5.270320634643211
7.5297143046512085,19.26348079999177,8.845316713147206,14.538019163619902,21.48163639076636,5.843192635111876,5.252557328823721
7.470424258369454,19.166791417981745,8.868902697510595,14.648741060669343,21.452097094379653,5.89523960464218,5.236845360024826
7.4121211232919935,19.059728425350727,8.892004147968164,14.75555562334826,21.4250637642795,5.950402597355059,5.223190306144652
7.355076045267983,18.94281411583004,8.91444732911255,14.858169371567024,21.400987344830078,6.008728400302287,5.211579048797651
7.2995458597818095,18.816627348555542,8.936090668122114,14.956319869203927,21.380281102756772,6.070246339858422,5.201981099317079
7.245769005856447,18.681852954331205,8.956833728310864,15.049780750003512,21.36332056800082,6.134970622159709,5.19435211456744
7.193961549226238,18.539317555267427,8.97661661302058,15.138362432995555,21.350441293541323,6.20290270741731,5.188638339767826
7.144314192677419,18.3899858515635,8.99541423602338,15.22190751956236,21.341930166236935,6.274030432396683,5.184780114573774
7.096991247006791,18.234930073569554,9.013229852872398,15.300285292614134,21.338020177149502,6.348324102481426,5.1827138822835845
7.052131646915465,18.075294843358524,9.030089157773958,15.373390570254218,21.33889817046607,6.425731418094637,5.182373488174338
7.009852855422574,17.912265159421818,9.046034381915769,15.441148549819717,21.344718480601937,6.506173190982541,5.183691149255795
6.970260048542529,17.747038091453344,9.061117126871666,15.503522801914901,21.355607754559934,6.589541843787323,5.18659841237107
6.933458907623716,17.580799439309477,9.075390554274195,15.560520645700922,21.371658590860935,6.675704136781796,5.191028035124666
6.899565567360133,17.414705909322034,9.088903353637342,15.612191237723367,21.392920017341243,6.764507056214156,5.1969161800018995
6.868713772447398,17.249871014470962,9.101696221299033,15.65861662242098,21.41938939378227,6.855782819255773,5.204202656680603
6.8410641996180965,17.08735264302147,9.113799512729502,15.69990000750909,21.451006489751926,6.949351871372237,5.212828617312563
6.81681154801411,16.928142092447924,9.125231093782029,15.736155211399172,21.487652485123803,7.045028405723746,5.222733433131364
6.7961817808323515,16.773155608742425,9.135994271793788,15.767498734256138,21.529157403081257,7.142629748528219,5.233852316511865
6.779421873409527,16.623228299158818,9.14607625221625,15.794045057036614,21.57531299684762,7.241984130488049,5.246114736212475
6.76678846631373,16.47910851814496,9.155448018708233,15.815906555761567,21.625882593481847,7.342933340262467,5.259443246489322
6.758538105240913,16.341451988838745,9.164065667815416,15.8331974554795,21.68060790902871,7.44533168532903,5.273753497419221
6.75491961407861,16.210818050478352,9.171871978487099,15.84603694584932,21.739219661598163,7.549042761602704,5.288956302187467
6.756167799061055,16.08767252297571,9.178797215755385,15.854547218635489,21.801447864118625,7.6539348939658955,5.304960677319687
6.762496865629021,15.972397892045898,9.18475890695877,15.858847527526661,21.867022882242082,7.759876657002547,5.321675732439223
6.774094270758189,15.865302992852275,9.189660937867412,15.859047818287223,21.93567097620173,7.866733629598702,5.339010507664352
6.791117089227508,15.766624998715184,9.19339361948913,15.855244704299961,22.00711355638237,7.9743664943454196,5.356872684155738
6.813690248943646,15.676526511196888,9.195836055587332,15.84752242042762,22.081071798650843,8.0826296030676,5.375168027674137
6.84190458990959,15.595094188427563,9.196859281136552,15.835959459479122,22.157273394584475,8.191369285082807,5.3938013936105405
6.875814437956071,15.522340757692948,9.196328365088384,15.820636213102437,22.235461600777878,8.300422262296976,5.412678316218106
6.915435130953257,15.458207798330633,9.194104456014626,15.801637336875292,22.31541127010365,8.409615415981106,5.431706507619221
6.96074099536966,15.402566471456439,9.190048650783961,15.77904827365833,22.39694917966464,8.518768168014523,5.450797663514857
7.011665528700207,15.355216503529114,9.184028371171303,15.752950455005752,22.479962828263584,8.627696562790483,5.469869485791077
7.068105046587756,15.315885334366738,9.175924995148758,15.723420928125334,22.564388233135325,8.736215427076045,5.4888486543213775
7.129924050027717,15.28422831340171,9.165639929063161,15.690542913195848,22.65018630703637,8.844136225710818,5.507676948585568
7.196960041406362,15.259830784936925,9.153097386625209,15.654427516565047,22.737320332107746,8.951261998067658,5.526319137540352
7.2690270246204784,15.242215286617213,9.138244003977128,15.615233699399393,22.82573703525066,9.057382188476856,5.544766867223315
7.345916409699895,15.23085842438413,9.121046400454427,15.573173681503809,22.915349882448627,9.162269133346758,5.563035934393782
7.427394460352272,15.225215000967186,9.1014892535582,15.528505212989886,23.006025338741004,9.265676941583031,5.581160079546338
7.513198084205074,15.22473765510117,9.079575434734494,15.481518758485032,23.09757374977285,9.367342922286685,5.599184601937704
7.60303168861731,15.228884789978498,9.055325775707447,15.432523691832968,23.189746125327225,9.466990285272118,5.617160606757276
7.696566091827781,15.23712057500546,9.028775947156827,15.381834712235989,23.282236009855872,9.564330237246088,5.6351402695685255
7.793438503530098,15.24891390636127,8.999971427383255,15.329760157418903,23.374682706245032,9.65906384593326,5.653173689760745
7.893253158841647,15.263746160328369,8.968962481161686,15.276593695215938,23.466673728028763,9.750885196716355,5.671307368353117
7.995583608758267,15.281137625468265,8.93580031486029,15.222608791624355,23.55774868474005,9.83948502943219,5.689583634738677
8.099977184065722,15.3006835297872,8.900534936265664,15.168054338086232,23.647407454195065,9.924552826761492,5.70804004885427
8.205962282342359,15.32207362814439,8.863214580522783,15.113151050488286,23.73512204368141,10.005777213622926,5.726709203689099
8.313058679347007,15.345086963789106,8.823887508724736,15.058088991471688,23.820347784265177,10.082845936630722,5.745620079996341
8.420787444794884,15.369581802700045,8.782607062859316,15.003025403928737,23.90253030465694,10.155446331756016,5.764799833615677
8.52867604424624,15.395496613311844,8.739438197250855,14.948081243818853,23.98110883780712,10.223266876802597,5.7842741447276
8.636258216111004,15.422852914922984,8.694462240164714,14.893336614683617,24.05551854039685,10.286000970986892,5.804066116955711
8.743071631299161,15.451745834814194,8.647777803860183,14.838827731752465,24.125194975441385,10.343355859096764,5.824194420726127
8.848656373973059,15.482324718342038,8.599498783659904,14.784547672892993,24.189581660760503,10.395069518488127,5.844671534138953
8.952556303856468,15.514774700998272,8.54975270370496,14.730450525426942,24.248138920044436,10.440930742179939,5.865502778071453
9.054325604521749,15.549303138308359,8.498680303145361,14.676456650697915,24.300356488456547,10.480790867301186,5.886685889044765
9.153539995952128,15.586126690775702,8.446433821382277,14.622456641542325,24.345772467030795,10.514562595834393,5.908210911658107
9.249805998026442,15.625455636606063,8.393173016166312,14.568312691328288,24.383989642723762,10.542212304211066,5.930060362558958
9.342762872422448,15.667477826270744,8.339061960530282,14.513858405723486,24.414678352269362,10.563752944825191,5.952209216007086
9.432079213669624,15.7123457628073,8.284269499166008,14.458899281749348,24.437568529821743,10.57923967668407,5.974624618157363
9.517449821823877,15.760167309397726,8.228971452309054,14.403214846107376,24.452439385021712,10.588767080732469,5.997265801215595
9.598599209572269,15.81100038012065,8.173350536459267,14.346563637071396,24.459111220397673,10.592466592602484,6.020084714111009
9.675293148323924,15.864851840263274,8.117594137270352,14.288693428931976,24.45744777266826,10.590504522999092,6.0430273719309895
9.747349630542828,15.921677344863486,8.061892928049623,14.22935489672771,24.447379378350373,10.583080957700263,6.0660350997267
9.814641261090028,15.98137889031845,8.006440326412264,14.168313654369106,24.42893709847655,10.570427593754866,6.089044998774178
9.877090965669458,16.043801959992017,7.951430467513437,14.105363042995156,24.4022713766836,10.552803081541933,6.11199004814565
9.93466538742072,16.108735029817677,7.897054317112129,14.040342963196812,24.367645424779173,10.530487867215452,6.134799591199291
9.987367555808046,16.17591013278808,7.843495955745753,13.973159194049863,24.325415417583546,10.503780718009386,6.157400134694727
10.03523041094982,16.245002591583052,7.79093109872358,13.903794706450801,24.276008965780388,10.472995976987317,6.179715989175369
10.07831219499618,16.315630965993037,7.739528280087149,13.83231442513819,24.21990518708107,10.438460216863193,6.201669909640801
10.116692205579069,16.387358744859565,7.689451376484545,13.75886717174379,24.15761704587438,10.400508709817883,6.223184001007708
10.15046540988138,16.45969778207482,7.640860739521012,13.683681789523906,24.089676485097304,10.359481789490204,6.244180963129936
10.179737020752402,16.532113172839825,7.593911137739051,13.607054837769967,24.016622742571247,10.315720225523558,6.264585864202477
10.204618481200324,16.604029293225764,7.548748348599237,13.529334248520165,23.938992637919714,10.269559186378261,6.284327773023983
10.225223850779837,16.6748385107631,7.505507554714548,13.450904242863476,23.857311002477267,10.221321153205732,6.303340298407101
10.241665092537053,16.743918611957607,7.4643160876025485,13.372172573626827,23.772082746485577,10.171309326084438,6.321561902185536
10.254047225990393,16.81066004966726,7.425304271859641,13.293559311803522,23.683791281220405,10.119804538697178,6.338937779056088
10.262465630713505,16.874490303803974,7.38862334816198,13.215486521882195,23.592906491366353,10.067066729844008,6.355423247091063
10.267005840451255,16.934884198792826,7.354458665441057,13.138368557497383,23.499898187181277,10.013337277796309,6.3709866768460115
10.267743895313123,16.991363765918333,7.32302816898662,13.062603434598968,23.405246322239666,9.958839030283935,6.385610760390242
10.264746206371795,17.04349739754229,7.294569816183736,12.988566187118053,23.30944659625397,9.903775954014257,6.399292252847388
10.258069848081158,17.090905175973518,7.269326916255993,12.916604374514094,23.213014723265548,9.848334928841982,6.412039915991772
10.247763476427002,17.13326897144017,7.24753594662042,12.847034087106033,23.116485428648655,9.792688864780551,6.423870748240799
10.233867804278523,17.17033753613942,7.229417011048805,12.780134690096231,23.020403058121566,9.737001256237878,6.434806228764435
10.216415717162587,17.20192222058698,7.2151659552217025,12.716143607700532,22.92531197303129,9.6814369724782,6.444870124592384
10.19543359271087,17.22789412527662,7.204948263508467,12.655254787408328,22.83175842340808,9.626179691511183,6.454087474630862
10.170945752973822,17.248196628067568,7.198896979130122,12.59762199204841,22.740303754947142,9.57144453014178,6.462483738638575
10.142983832712162,17.262869480035626,7.197118573311816,12.543363300659287,22.651532506702555,9.51747646534357,6.470084366012725
10.111599847340921,17.27206447629425,7.199706163107337,12.49256438095471,22.566043552742613,9.464539039660359,6.476915797181095
10.076876878038052,17.276041118677544,7.206750643955816,12.44528424850047,22.48443307153174,9.412902211583004,6.483007749543741
10.038931899182932,17.275147796934434,7.218341793661276,12.40156595228926,22.407281007890578,9.362833091317395,6.488394881821025
9.99791223760272,17.26979855537982,7.23456265518098,12.361447174892538,22.335140077509585,9.314590271480329,6.493116561235216
9.95399200416945,17.260452815042473,7.255485844563513,12.324965564790357,22.26852853584805,9.26842294975509,6.4972161630419505
9.9073717800412,17.247600919414285,7.281175425659223,12.292158992151728,22.207942941827497,9.224573975309136,6.500741483905671
9.858278762613102,17.231752610529963,7.311690183205296,12.263064088407475,22.15389701719839,9.18328116415553,6.503745373397778
9.80696386272345,17.21342427384222,7.347084458122584,12.237719092289643,22.10695885301391,9.144773787792134,6.5062851711385585
9.753695924829207,17.193124163432003,7.387411172047782,12.216174752696968,22.067758528129275,9.109270732573995,6.508421307701796
9.698755433190476,17.171337182680823,7.432731044236038,12.198506310525119,22.03697310107,9.076988445612239,6.51021619002735
9.642429512577461,17.1485109375174,7.483120453134746,12.184815418213386,22.015306312306095,9.048154953281669,6.511733469818904
9.585008327537267,17.12504499863691,7.538669362841489,12.175220528114574,22.003464539412875,9.02301651012555,6.5130366864094436
9.526782266791244,17.10128544982866,7.599472239056729,12.169843025250408,22.002127516114925,9.001831177205544,6.5141863386533805
9.468039536236661,17.077524299777366,7.665620432518326,12.168795675006171,22.01191922464205,8.984856695190565,6.5152358642213075
9.409063307148562,17.053999943877432,7.737199411222742,12.172174929300994,22.03338300102973,8.97234053826086,6.516228565218094
9.350127869808425,17.030896223635008,7.814287155393995,12.180054636199571,22.06696072120934,8.964513683721268,6.5171986192125155
9.29149485511522,17.008341629869108,7.896948793851566,12.192478996994687,22.11297604905369,8.961585771391153,6.518178526973316
9.23341052989573,16.98641018267799,7.985227194684593,12.209455335031016,22.171621816609605,8.96373892392292,6.519209512603464
9.17610361730794,16.965123586033446,8.079133691448346,12.230947961894454,22.242951944821332,8.971120198970663,6.520346960043225
9.119782782216564,16.94445498229048,8.17864439602926,12.256874178987538,22.326883584106078,8.983834308193542,6.521658434369124
9.064633765971815,16.924335352967535,8.283704014744023,12.287103094139033,22.423216363491917,9.001937265721013,6.523218648687712
9.010816844982637,16.90466187770476,8.394231555504247,12.321456136431436,22.531660915868414,9.025431634539373,6.525104724921988
8.958465161361524,16.88530588729332,8.510120329863254,12.359707652211686,22.651857100370258,9.054264165689101,6.527391773857452
8.907683548203908,16.86611766936386,8.63123170481422,12.401585886934928,22.78337694193914,9.088325222733415,6.530148408384331
8.858547264385518,16.846926754458284,8.757387288623114,12.446775136934441,22.925725147235998,9.127449601985939,6.533432693408919
8.81110097773385,16.827539893326485,8.888362464767821,12.494918336205838,23.07834394717621,9.171420031025653,6.537289616989372
8.765358812359754,16.807741010701232,9.023881877617997,12.545619469878266,23.240617137729267,9.219973394710708,6.541751078829931
8.72130597248442,16.787295244348634,9.16361909393467,12.59844748577702,23.41187077143056,9.272808186013428,6.546838081257204
8.678902196377592,16.765955870624815,9.30720407688659,12.652943308935777,23.591375791797134,9.329596528135681,6.552563199854742
8.638086534796564,16.743472402332404,9.45423655571095,12.708628364132817,23.77835635253342,9.390006786856095,6.558931486618242
8.598781794952966,16.719602354720678,9.604296569445616,12.765012186715929,23.971999186637355,9.453730640974907,6.565939408769404
8.56089770414532,16.69413229021675,9.756948221284663,12.821598374130906,24.171459268897628,9.52049826258688,6.573572619222458
8.524333394851036,16.666903865811424,9.911742867188162,12.877888292188226,24.375863231412527,9.590076719402537,6.581803773720794
8.488979306381268,16.63782868576799,10.068226283371594,12.933383448281829,24.584312303364797,9.662261448297075,6.590591388289672
8.454717777620887,16.60688460996163,10.225945186249268,12.987594199693913,24.795885144912223,9.736868294240606,6.599879854245051
8.421422709708681,16.57410193237545,10.384448251856991,13.040065801329781,25.009641012854896,9.813725325793175,6.609600009451619
8.388959843492751,16.539547710608495,10.54328291624853,13.090418924276971,25.224622253995715,9.892662849097299,6.619670306438284
8.357187954020782,16.50331194028726,10.70199151901292,13.13838291181697,25.43985585917237,9.973503353958689,6.62999886965444
8.325959837859799,16.465501817545487,10.860109307439163,13.183804805077834,25.654356583504132,10.056054037654905,6.64048530915723
8.29512393825642,16.426247418944378,11.017164565534072,13.22664033976488,25.867134729475925,10.140102809858218,6.651021504626704
8.264528502558814,16.385709662629072,11.172679692246977,13.266943809413318,26.077208997457006,10.225416698988983,6.661493037103799
8.23402651932243,16.344078172038763,11.326173875838945,13.304862624501157,26.283619350046788,10.311740520441154,6.671782624192372
8.20347849661118,16.301558327901486,11.477168402230877,13.340628790379776,26.485432233142845,10.3987944648123,6.68177432439908
8.172753832138241,16.25835539053301,11.625192142842383,13.374541966959924,26.68173718054297,10.486271564802594,6.691356943462795
8.1417323587618,16.21466287148547,11.769784127098463,13.406948584831712,26.87164269358492,10.57383745353703,6.700425915741324
8.110305322203832,16.170662166943703,11.910493295467818,13.438221844371174,27.054277311523965,10.661134613985636,6.708883228132743
8.078375058057325,16.126538159561218,12.046877321887031,13.468743022660753,27.22879302580597,10.747791070224473,6.716636151602907
8.045853876201535,16.082501736212418,12.178503012346715,13.4988844315962,27.394366232705583,10.833429601742367,6.7235962394729905
8.01266244716616,16.03880031511861,12.304949754755212,13.528995785403223,27.55019572958077,10.91767304584921,6.729678967303319
7.978728617985393,15.995710496429982,12.425814457749018,13.55939563720665,27.69550051920416,11.000145517875026,6.7348037675894785
7.943989708321226,15.953524468568139,12.540717347301085,13.590367533829612,27.829522254949648,11.080472189678042,6.738894521265381
7.9083993568900866,15.91253965424156,12.649310789955505,13.62215781608798,27.951534965103384,11.158279401729468,6.7418802769753885
7.871934557870785,15.873049814115614,12.751289327871211,13.654972531397949,28.060856216194125,11.233196416129317,6.74369614145103
7.834598504981678,15.83533437828789,12.846394673350723,13.688973442818398,28.156851256007897,11.304860928456318,6.744285643747992
7.79641925755753,15.799648421884159,12.934414298872248,13.724273956256697,28.238930662518932,11.372928232918868,6.7436047946753375
7.757445940377991,15.766217016239567,13.015177903360634,13.760936050467302,28.306549490177307,11.43707900575389,6.741625144251684
7.7177436513408715,15.735233410072217,13.08855366446173,13.798969217726293,28.35921183543916,11.497021072467602,6.738334327058233
7.677388198745416,15.706857281407576,13.154443270379133,13.83833139268426,28.39647674407785,11.552487437987551,6.733735749410273
7.636462268665663,15.68121094215499,13.212776019018467,13.878930868968492,28.417962641456604,11.6032375157024,6.72784878311095
7.595053900413537,15.658376546533296,13.2635029182937,13.920627963431318,28.423353689039846,11.649066207358297,6.720709757294401
7.5532556454765585,15.638402598951634,13.306592367310186,13.963236909731249,28.412409040119247,11.689819197895883,6.71237383452506
7.511161989917994,15.621323243341854,13.34203166020648,14.006530941491139,28.38496976801983,11.725408667761322,6.702916198466427
7.46886540040111,15.607179118624941,13.369835365191488,14.05025183635467,28.340960044739656,11.75582534056706,6.692430603368355
7.426453753092759,15.59602786999279,13.390052641174279,14.094122026367408,28.280385696182908,11.781144802486875,6.681026314247273
7.384010833582147,15.587946140024274,13.40276621251237,14.137859834969547,28.20333584301924,11.801524337061094,6.668825933102188
7.341619063893593,15.583027791833551,13.408085467940978,14.181198765669379,28.109987622820487,11.817189141322531,6.655963967713826
7.299361965222086,15.581378928097166,13.406138786203089,14.223904329048173,28.000605534183517,11.828413563184313,6.6425838481920145
7.257324190043908,15.583110635088628,13.397067243680109,14.265780952447491,27.875532518940897,11.835503424450993,6.628832632362477
7.215589429759647,15.588331206285599,13.381023068047593,14.306670637585208,27.73518547167499,11.838781263850594,6.614854858274399
7.174238247817178,15.597142543419508,13.358175362709583,14.346448528360062,27.580063151217143,11.83857420034347,6.600787568120588
7.133347244227478,15.609644632212945,13.328717715167537,14.385016006830266,27.41075341122731,11.835204137861275,6.586757869288777
7.092989592943995,15.625941377661968,13.292869460529847,14.422292143804441,27.2279278562337,11.828980458520347,6.572882886069061
7.053235471907401,15.646137686718,13.250869817097424,14.458209495067567,27.032333529467053,11.820194611082163,6.559270992254206
7.014150502823402,15.670327558047576,13.202969938324323,14.49271702727981,26.82479629675384,11.809115000260542,6.546022988788055
6.97579259684842,15.698579926129364,13.149428531807397,14.525783380236515,26.6062333271035,11.795981553641505,6.533231595031484
6.938209592155804,15.730928364350785,13.0905169491663,14.55739626499138,26.377660320723784,11.781001500663711,6.520978630499589
6.901439213011134,15.767368218299215,13.026533649478292,14.587566008000126,26.140186323468154,11.764348411788914,6.509331589335695
6.865511068251741,15.807860028960434,12.95781667205085,14.616338208604327,25.89499741206624,11.746164353132844,6.498342229958008
6.830449472783841,15.852332921203756,12.88474459486288,14.64380449562976,25.643331596417234,11.7265628155477,6.488048067475541
6.796276622990331,15.900684689699869,12.807730592797764,14.670100250626026,25.38644960884761,11.705630356439663,6.4784754094799455
6.763016815990667,15.95278436752258,12.727217821123105,14.695393171700887,25.125607255570447,11.683426647905398,6.4696423890643615
6.730701439947446,16.00848127491116,12.643675236943668,14.719871700215007,24.862031797943445,11.659984064430196,6.461561136410693
6.6993742222041694,16.06761258626493,12.557589475922951,14.743735679523132,24.596903518878666,11.6353080154986,6.454238266380283
6.669097252613207,16.13000104297291,12.469455648085653,14.767186953127801,24.331344698357025,11.609378452647592,6.447673988432878
6.639955611199401,16.195445906166597,12.379775373237296,14.790418854946697,24.066415797881543,11.582153014941547,6.441861468390149
6.612056817796736,16.263714003291632,12.289063031767153,14.813607558542268,23.80311315278109,11.553572159248928,6.436786685518931
6.585525764633999,16.33453308790096,12.197850584937145,14.836909171524873,23.5423636329822,11.523564893040454,6.432427351149551
6.5604984645240085,16.407588885214082,12.106685819674523,14.860460774201538,23.285019803978493,11.49205301765963,6.428750820154844
6.53711614395708,16.48252958871641,12.01612819481749,14.884380207096447,23.03186198734984,11.458953956890403,6.425712719652164
6.515520252384637,16.55897749411131,11.926744120277286,14.908765263612278,22.78360961109343,11.424183607893317,6.423257149755548
6.495848707418955,16.636540336461902,11.839102366361375,14.933695948436972,22.540937395844498,11.387659030333538,6.421317772434803
6.478232806733028,16.714818152616186,11.753772881031171,14.95923731803928,22.3044853302883,11.34930001134734,6.419819213598171
6.462794604440041,16.793407882436764,11.67132635079988,14.985438427537902,22.074856366108882,11.30903063427507,6.418678979169328
6.449645393779563,16.87190525066034,11.592328257822343,15.01232799953316,21.852606985173296,11.266785558826951,6.417809767231343
6.4388851252170864,16.94990238511038,11.517327854816504,15.039909547669396,21.638237691430078,11.22252746776957,6.417121123196379
6.430601657316441,17.0269837809056,11.446846431239274,15.068157253989023,21.43219136161654,11.176274904846062,6.416519994991497
6.424869350983226,17.102722504646184,11.381366571568824,15.09701351707095,21.23486592576142,11.128130446579075,6.4159110642559725
6.421747433742701,17.17667737286108,11.321322029690299,15.126389705137285,21.046632175560433,11.07830177169131,6.415197572211327
6.421278218170308,17.2483975096611,11.267088591283045,15.156170225866232,20.867839200748346,11.027111825676633,6.4142826755440465
6.423484977818327,17.31744167247699,11.218977575633069,15.186217640059889,20.69880476047146,10.97499394054349,6.413070944098597
6.428371224233414,17.38340522912584,11.17723288049415,15.216378429611648,20.539802886953826,10.92247665365653,6.411469814708043
6.435923325422179,17.44593649359955,11.142030083945343,15.246491385007676,20.391058415617763,10.870169332938621,6.409392202074775
6.446114467711671,17.504735651096897,11.113475951279588,15.276397182208793,20.252745949364705,10.818750226004695,6.406761222537059
6.458906543126907,17.559544866990542,11.091608889762627,15.305944566353956,20.12498708632574,10.768950775851728,6.403515195366872
6.47424923933323,17.610138792052652,11.076400644179609,15.334992299250725,20.007852686573553,10.721535185792419,6.399610330047503
6.492077418506258,17.656321765308423,11.067757556128434,15.363413158877764,19.90138522325362,10.677278976492374,6.395021052991032
6.512308247580274,17.697935518964776,11.065520975412419,15.39110670370678,19.805635513888664,10.636948412516636,6.389739736643363
6.534839552466833,17.73487189871508,11.069468400189514,15.41801703782688,19.720685056595276,10.60128233752121,6.383776873854963
6.559550037147951,17.767079383811165,11.079315673608802,15.444144002394083,19.64663952196223,10.570979140063466,6.377161186094829
6.5863007748741325,17.794558959001723,11.09471953839541,15.469543189491713,19.58360649876584,10.546689370056235,6.369938301125877
6.61493719328759,17.817352941447286,11.115281461582773,15.49432001823376,19.531672686871513,10.529011631066705,6.362167184126201
6.6452913141244485,17.835531735710298,11.140554667169196,15.518621854684554,19.49088458085028,10.518489487069196,6.353915053812931
6.6771837751325345,17.849181272642788,11.17005399970573,15.542627406896854,19.46123279143135,10.515609555442166,6.345252360588635
6.710426063078341,17.85839284056839,11.20326540893787,15.56653377495449,19.442640485107095,10.520801044467582,6.336249117865354
6.744826008637999,17.863260053864607,11.239652975527086,15.590543822755874,19.43495546332434,10.534435027941926,6.326973078376626
6.780197614258817,17.863887246072025,11.278664254662242,15.614855784871501,19.43794557256444,10.556826808120434,6.317488772142277
6.81636977402379,17.860403095494938,11.319734867746892,15.639655287671111,19.45129971328582,10.58825351824036,6.307855641949659
6.853188508218477,17.852966605473732,11.36229175732953,15.665108949283452,19.474635252205513,10.62899523186217,6.29812520879892
6.890514123117402,17.841760745524194,11.4057543788425,15.691359126668674,19.507506418895556,10.679389341758627,6.288338992578189
6.928217789537906,17.82697962602357,11.44953476192184,15.718519714288256,19.549407887457217,10.739873445879502,6.278528043491654
6.966181085490883,17.808816294704982,11.493041012959402,15.746671549975375,19.599775799396877,10.811002103012664,6.2687134007960825
7.004299988975437,17.787454775915467,11.535692254224411,15.775855721787373,19.65799474816736,10.893448157546514,6.258906904274464
7.042490523205576,17.76306680364507,11.576945480249053,15.80606573155209,19.723413640188266,10.98801279314613,6.249112424022442
7.080691027649077,17.73581015209504,11.616319725160764,15.837241627255676,19.795360725036563,11.095664394589154,6.239327282774192
7.118859311542099,17.705824792769928,11.653404017679234,15.869268752415845,19.873147437498783,11.217596179569894,6.22954327574583
7.156967016414953,17.673227364027646,11.687851227585679,15.901982516885818,19.956063220392657,11.3552575892779,6.219747079527387
7.194994631022553,17.638107364635722,11.719366952944467,15.935177922315422,20.04337084735282,11.510334640202451,6.209920026095653
7.2329286085338955,17.600526475951234,11.74769911938484,15.968618518407265,20.134308793101372,11.684699860633504,6.200037099105218
7.270759297981613,17.560520074146773,11.77262953301878,16.00204031228883,20.228099910636637,11.880364394965099,6.190065457423983
7.308479438398422,17.518100261697224,11.793967966933979,16.035151802390594,20.323960139780855,12.09946428299757,6.179963692685218
7.3460844904088285,17.47325970551742,11.811552056129829,16.067633600277727,20.42110401160538,12.344284767227032,6.169682928839293
7.383573105051902,17.42597514086858,11.825253401594995,16.099139663953725,20.5187500451558,12.617272673821416,6.159169415569285
7.420944986025893,17.376214078846314,11.83498264648736,16.129301900004332,20.61612734147791,12.921000899788215,6.148368031102503
7.45819747467569,17.32395349359561,11.840687765733389,16.157740450929857,20.71247980961208,13.258111637498533,6.13722687383464
7.495323728829457,17.269209291940786,11.842347624612254,16.18407914334497,20.80706596546328,13.631273232097886,6.1257021168365355
7.5323125109817495,17.212058306341955,11.839964740567813,16.20796000984586,20.899155951775818,14.043155261007504,6.1137612227590505
7.569148216441043,17.15263896737247,11.833558720761157,16.22905327073248,20.988030155262777,14.49642514041142,6.101383533684005
7.605810967201818,17.09113665858657,11.823160082653686,16.247070317319483,21.072987024378968,14.99379400915845,6.088558560855371
7.642276628275446,17.027766251709288,11.808806789594103,16.261784832773962,21.15336178568846,15.538113691040582,6.075283094584881
7.678515548527202,16.962757082250352,11.790551583822994,16.27305131633949,21.228543691551202,16.132459254968783,6.06155874944474
7.714489614647102,16.896340163648386,11.768481500073626,16.28081200415113,21.297981712997544,16.78014849884777,6.047391121981258
7.7501486701968885,16.828737584137592,11.742734610333292,16.285096809703536,21.36118485828179,17.484726194897373,6.032790410447972
7.785427038890745,16.76015455474796,11.713502100909691,16.286018825616647,21.417724555677847,18.249942138408766,6.017772669692719
7.820240487367405,16.690773098851356,11.681023149897563,16.283761993779873,21.467236466548478,19.07969566709616,6.0023614192881976
7.854484709365792,16.620746402371694,11.64558695260239,16.27856265846116,21.509418367205967,19.97792311360789,5.986589501635643
7.888035783251941,16.55019437314452,11.607544806729308,16.270690725853637,21.544024946422056,20.948475641461034,5.970500286719064
7.920751312408656,16.47920205942987,11.567319277238063,16.26043377365967,21.570860133735327,21.99504327636551,5.954147225731168
7.952471724085698,16.40782398469202,11.525397858474609,16.24808477250519,21.58976697058056,23.121112681818932,5.937591781321698
7.983022919345567,16.33609448175595,11.482316308475458,16.233932689138165,21.600617118389838,24.329938352813755,5.920900329780763
8.012220543934406,16.26403680209494,11.438646907873075,16.218254657373627,21.60330362435268,25.62453182107788,5.90414067810114
8.03987457803343,16.19166457648421,11.394997244383903,16.201308625275963,21.59773944152895,27.00763739849936,5.887379543322169
8.065793442571035,16.118977830609122,11.352009691943609,16.183326535546783,21.583862013183932,28.481656742835536,5.870682755658985
8.089788460421985,16.04595857008583,11.310351112609611,16.16450903190827,21.56164162214125,30.048539185208785,5.854117949187406
8.11167920978586,15.972567604221698,11.270694844028645,16.145021398464742,21.531089114016236,31.709680959063384,5.837756792452883
8.131297885116627,15.898742734784317,11.233702769478402,16.12498966462624,21.492260900719224,33.4658763565473,5.821674630041489
8.148491005106722,15.824399203183164,11.200010468066182,16.104498037598926,21.4452624194034,35.31733733234142,5.805948416307089
8.16311986506245,15.749437550628606,11.17021392800834,16.083589538549965,21.39025008027109,37.26374968017071,5.790654640746581
8.17506184289104,15.673768368046028,11.144857114327055,16.06226888036585,21.327430805972487,39.30434082965033,5.775868092892846
8.184212773586763,15.597350643057792,11.124422249052815,16.04050500048929,21.25706009616082,41.43796326700271,5.761661603435453
8.190489191480673,15.520221914465335,11.109323742901868,16.01823209061651,21.179440758813218,43.66318741954167,5.748106314422673
8.193828918178355,15.442507978564263,11.099904322635812,15.995349559156725,21.0949224188364,45.97838653498122,5.735271833141237
8.1941898652798,15.36441941886432,11.096432810324925,15.971721573812104,21.00389808895873,48.38178745154138,5.7232257449798665
8.191549819864019,15.286240454734038,11.099104439725108,15.947177398968567,20.906795367716274,50.87146124943538,5.712032475326706
8.185909452921393,15.208310546193413,11.108043847510944,15.921515941927437,20.804066743418623,53.44527359182697,5.701752182200816
8.17729625592892,15.131003050178755,11.123311344251594,15.894517755192478,20.696186067684643,56.100865306779475,5.692439830706026
8.165766021943115,15.054705185525895,11.14491343630861,15.86596334287113,20.583651304527173,58.83569401039673,5.684144570523831
8.151401993719329,14.979800342489476,11.172816274614046,15.835653313243352,20.46698716257885,61.64707293087467,5.676912082069649
8.134314256725972,14.906653694662852,11.206959530221319,15.803424788351958,20.34674347454565,64.53216568339748,5.670791874738661
8.114640663510077,14.83560293443795,11.247267416439056,15.769159016491344,20.223491168947593,67.48799428042814,5.6658452382485205
8.092547061045092,14.766954995232373,11.293652191030441,15.732780678426606,20.097824152958808,70.5114898285825,5.662147475858342
8.068224066433446,14.700987195873138,11.346008764248868,15.69425660982986,19.970371888888774,73.5995284623026,5.659783516359969
8.041881050123258,14.637949690791473,11.404207579345472,15.653602146120157,19.84180971092845,76.74891980785662,5.6588407582849545
8.013739680181706,14.578067334370052,11.468099638426802,15.610892841802423,19.712851602587207,79.95639998421406,5.65940275468986
7.98402801524956,14.521540372641013,11.5375375963058,15.566269060892829,19.584229259728883,83.2187071008139,5.6615445095630665
7.952975542308225,14.468542286919481,11.61239523789833,15.519927416863517,19.45666935682042,86.5327271270685,5.665328502788496
7.920810959352483,14.419214154002887,11.692569156229489,15.47210576174326,19.330874332784177,89.89558092276694,5.670801526879985
7.88776344774704,14.373658458565059,11.777969368855775,15.423068405579803,19.207508286266336,93.30457258659591,5.677994016875569
7.854063781832952,14.331934907015576,11.868512700977243,15.373092021843217,19.087190149347176,96.7570587423564,5.686922795651012
7.819942026241703,14.294057721985007,11.964121244059488,15.322451665895564,18.97049551618206,100.25032350076263,5.697594945512117
7.785623564217318,14.259993429348341,12.064719428327685,15.271407941288553,18.85796525031995,103.78148592639755,5.710009425183141
7.751325861492516,14.229659003901977,12.170225412291064,15.220197505648091,18.750118666901265,107.3474150090049,5.72415601348421
7.7172560236242225,14.202920126980663,12.280541922079658,15.16903082092702,18.64746858220618,110.94462372842807,5.740014265373633
7.683608641371046,14.179589763025445,12.395557245797214,15.118098447179564,18.550528933059013,114.5691839656276,5.757555079222998
7.650563915293226,14.159428440326451,12.515156949164266,15.067578794201923,18.459808587721415,118.21676075838855,5.776743969982134
7.618286726570035,14.14214733758832,12.63923168082716,15.017638672565687,18.37579871577147,121.88277548209874,5.797542433205375
7.586926912061409,14.127413940702114,12.76767122014389,14.968426746361814,18.298962025299065,125.56255670389407,5.8199061073969105
7.556619985242573,14.114859079416508,12.900351198270604,14.920065656404288,18.229723182791226,129.25139098545614,5.843782123654824
7.527488352473789,14.104084070980921,13.037121001062099,14.872647284429824,18.168457953135093,132.94458434624224,5.869107880771284
7.499644002404348,14.094667735719383,13.177795324159845,14.826234349869365,18.115482064910868,136.6376236540873,5.895810747487577
7.473191948362104,14.086173223843073,13.32215107043472,14.780868121507977,18.071043483057498,140.32631539794383,5.9238067807058
7.448231924153438,14.078154059443825,13.469929794845394,14.736575181259346,18.035320231187324,144.00676054473695,5.952998002666228
7.424857676866656,14.070161767060748,13.62084116129685,14.693367216496332,18.00842000319791,147.67521773590087,5.98327033004976
7.403155801547176,14.061759951399752,13.774563419470766,14.651236631596166,17.99037697821674,151.3279945041068,6.014495072130944
7.383204902583791,14.052543934915613,13.930742435946003,14.610153044006863,17.981149462210798,154.9614139256443,6.046534418051
7.365073687563741,14.042159820873309,14.088991372601956,14.570061268368665,17.980626446473835,158.57181869235072,6.079247659416272
7.348817960449723,14.030321212890156,14.248889597951615,14.530880310304031,17.98864126341149,162.1555913230385,6.112495067108036
7.334479623507144,14.016823386317778,14.409979964985853,14.49250539953729,18.004980022325434,165.70920288002534,6.146139517681913
7.322090190509585,14.001549628633873,14.571765948543572,14.45481533893066,18.02938013981439,169.22927345425973,6.1800469334468024
7.311676166692357,13.98446651643671,14.733711492407641,14.417685299314066,18.061528587600975,172.71262059809808,6.214085884155249
7.303260985262093,13.96561300149296,14.895248822401944,14.381002075943256,18.101068802030873,176.15634165567573,6.248126920512468
7.296862340405298,13.945091192182213,15.055795250611439,14.344675114062534,18.147612970544195,179.55800696118817,6.282042381081089
7.292488387474883,13.923061858941614,15.21476934132042,14.308638447239607,18.20074986808655,182.91592080155485,6.315706998703327
7.290135126258736,13.89974028516914,15.371599387048477,14.27284570182316,18.260043545958595,186.22924763785713,6.349000098704548
7.289784538487932,13.875387127317417,15.525730073701375,14.237262626355438,18.325027599290436,189.49788445452776,6.381810003924019
7.291403795387765,13.850294088355659,15.676632157028124,14.20185975437641,18.395204235860565,192.72220489373763,6.414038531883627
7.294946316474292,13.82476773662073,15.82380954583035,14.166607470059468,18.470052610383995,195.90286393393987,6.445602903980291
7.3003531176534215,13.799114510525921,15.96679885070574,14.131474884563012,18.549042177201585,199.0407395133575,6.476435630539638
7.3075523559643125,13.77362776129302,16.10516413362199,14.096431438905295,18.63164491945501,202.13694380239042,6.506484491971118
7.316457562526767,13.748576559765787,16.238491212287553,14.061448673511666,18.717347810541966,205.19277390077107,6.5357143437409775
7.326966750586957,13.724196701945285,16.366382920663487,14.02649952924487,18.80567255021511,208.20959089859332,6.564111171810551
7.338963492389751,13.700684510149495,16.488454697404954,13.991554563787544,18.896199099327166,211.18871755072433,6.59168558777848
7.352319061882556,13.678194010106212,16.604329853119378,13.956578294864837,18.988576681497676,214.13136478537717,6.618472257336813
7.366893938036124,13.656838713236569,16.713635621903133,13.921528698930736,19.082516445184186,217.03855326924275,6.644525180766582
7.382537964511106,13.636697028774345,16.816001430917247,13.886358220391052,19.177777220018058,219.91106815333367,6.669911274701398
7.399091593053596,13.617816514854322,16.911058489947518,13.851013432276162,19.274157219768107,222.74947053036308,6.694704426403888
7.4163923361184105,13.600214565534824,16.99843940362656,13.815433341168353,19.371499101932542,225.55411110039452,6.718980842703797
7.434285769025493,13.583881351924909,17.07777810133368,13.779547440030848,19.469704301616815,228.3251375229597,6.742815669421489
7.452634493704221,13.568793646552434,17.14871153806575,13.74327401074737,19.568739724075566,231.06253760681847,6.7662804363344895
7.471320391248966,13.554936886770026,17.210886618934506,13.706518677805489,19.66862691046497,233.7661716540612,6.789440952648526
7.490241881962,13.542320423892527,17.263973167339735,13.669172941358507,19.769420824300877,236.4357254470314,6.812356424007243
7.509310394820821,13.530978652015946,17.307675496547898,13.631113417981059,19.87118781992786,239.07062691164361,6.8350806699513065
7.52844827488995,13.52096516484139,17.34173598323441,13.592202913533038,19.973986168026315,241.6700000930889,6.857664225119031
7.547587622364622,13.512345093420743,17.36593432764226,13.552292452648558,20.077851056087116,244.23266232823818,6.880154959787147
7.566668551517653,13.505184998618631,17.380089103089894,13.511222719517034,20.18278543035662,246.7571246687334,6.902596534638473
7.585636595507208,13.49954270487667,17.38406152447138,13.46882528261147,20.288754587596316,249.2415607499617,6.925025660498293
7.604440404960101,13.495460794864645,17.377757136847897,13.424924587180872,20.395681261134385,251.68376004140177,6.947468844836245
7.623030809517095,13.492964170474707,17.36112533350283,13.379342585234356,20.50344030262903,254.08111578147896,6.969939465429644
7.641361955750463,13.492061128848714,17.334160186093246,13.331911265183647,20.611853053874096,256.43066206456854,6.9924363962027085
7.6593946585709585,13.492747168739971,17.29690283066975,13.282493969412787,20.720680958797193,258.729126988831,7.014943805585251
7.677100003888662,13.495008127091019,17.249445575467966,13.231004536861601,20.829619155079673,260.97296018344275,7.03743098526105
7.694460509689765,13.498821098422656,17.191939722290716,13.177414393451068,20.938292689535135,263.1583385041205,7.059852225000246
7.711468449978446,13.504157327171189,17.124602693323038,13.121750565138507,21.046257204307196,265.28122024671677,7.082146881724197
7.72812215434894,13.510988693992449,17.047716672580123,13.064092889102692,21.153003357429856,267.3374722820852,7.1042397608060375
7.744420580987879,13.519291873750989,16.961618782274478,13.004575296311291,21.257964713479986,269.32299491837466,7.1260425771722105
7.760357255480152,13.529047400016001,16.866688385648594,12.943391680919177,21.360530443892806,271.2338249892099,7.147456695968632
7.775915838664206,13.540242299418045,16.763335737057183,12.880802624590372,21.46006031240214,273.0662664893741,7.168376478072006
7.791068604908254,13.552884244339415,16.651996222023527,12.817135844393482,21.55589590457763,274.8170147279453,7.188692800886462
7.805776660591626,13.567019003670106,16.53313490625995,12.752776685180228,21.647367288810784,276.4832037000483,7.2082962616812125
7.819989969355136,13.58273614769091,16.4072584193549,12.688153285840805,21.733799664586527,278.06237639226003,7.227079122320667
7.8336472344639,13.600160138460094,16.27492266570569,12.623722743863695,21.814521814397153,279.5524131712839,7.244936060048577
7.846677712601098,13.61943502335398,16.136732044380935,12.559959645370721,21.888874010342413,280.9514455992388,7.261765421832865
7.859006479791385,13.640710110704786,15.993338174126281,12.49734533848672,21.9562131890855,282.25777590309923,7.277472492113899
7.8705613447769265,13.664128857335006,15.845444655975813,12.436357977646539,22.01591690259724,283.46982941242504,7.2919743415829785
7.881277057602508,13.689820170649314,15.693816048887422,12.377465252990623,22.06739040468868,284.5861493902423,7.305203839645573
7.891095336052478,13.717890764622638,15.539283254504321,12.321119973050372,22.11007779417576,285.60538488359464,7.317110326729235
7.899963775204884,13.748417720504994,15.382740216532675,12.267756561552709,22.14347436013503,286.52622034574125,7.327657127736743
7.907835756551148,13.781441377256769,15.225142280341286,12.217787144510531,22.16713952176599,287.3472870042724,7.336818144007174
7.914670358809912,13.816960146011345,15.067518141364918,12.171597377827334,22.18070848601516,288.0671740155181,7.344574422206272
7.920431591380214,13.854931228945789,14.910983740235894,12.12954255423765,22.183897173934483,288.68459479515985,7.350910354583651
7.925087221280235,13.89528092584294,14.756737858011418,12.091943617629594,22.17650271379567,289.19861416888955,7.3558104574423595
7.928607152467335,13.937920312668105,14.60603729697985,12.059082517999732,22.158407407012163,289.6088445795168,7.359258440911471
7.930962010527856,13.982755294763109,14.46016290169681,12.031197139912882,22.129583750433987,289.91562109990315,7.361238844798066
7.932122869424415,14.029685670531949,14.320387565248458,12.008476009683648,22.090093371898988,290.12011613051885,7.36173992772018
7.932061510926593,14.078597419685531,14.187954231545666,11.991053502063407,22.040080383141635,290.22431014112783,7.36075630618715
7.930751115531029,14.129354222780943,14.064067702934386,11.979006809873137,21.979761019590665,290.23086324199227,7.358290930200903
7.928170406273684,14.181791514057302,13.949898113885359,11.972354598814881,21.909409002854094,290.14300006408166,7.354356608774631
7.924312696036736,14.23571504748126,13.846588967801718,11.971056580910085,21.829338692726488,289.96442218063896,7.348976182831985
7.919194426408794,14.290905106898203,13.755261007546066,11.975014044214241,21.73988953151829,289.6992003898789,7.342180091563866
7.912857156637205,14.347125282734684,13.677006356478767,11.984072030932317,21.641413278344448,289.3516667471533,7.33400211799026
7.905364007502092,14.404132002329739,13.612873716354937,11.998023563659979,21.53426359444676,288.9263787131161,7.324475210478634
7.896795408111905,14.461679784117102,13.56385072139585,12.016614717876916,21.41878677817725,288.42813970230026,7.313627983958859
7.887247982742413,14.51952007796167,13.530852017333462,12.039548729245439,21.295313335658726,287.86196795785247,7.301482114613209
7.876836674996218,14.577396395816928,13.51471956352589,12.066488619942719,21.164151614345734,287.23297781433223,7.288051736837686
7.865694984108414,14.63503950118063,13.516236722482267,12.09705849044116,21.02558487738412,286.54625982082223,7.2733454412857155
7.853969570369803,14.692164654862733,13.53614889422569,12.13084497429735,20.87987153160934,285.80685682583686,7.257370366141918
7.841811831427052,14.74847251377973,13.575175983660717,12.167403593957397,20.72724645903489,285.0198274718977,7.240137112750993
7.829369719142866,14.803655054690815,13.634017822599807,12.20627243615718,20.567921758291586,284.19027803058106,7.2216632115974395
7.81678043994358,14.8574047032892,13.713370499869574,12.246987259656715,20.402087960761826,283.32327894320395,7.201973575793776
7.804164555859381,14.90942200315423,13.813948544856103,12.28909129430128,20.22991901698344,282.42370583242285,7.181098479862583
7.791622025528786,14.959420471287592,13.936485295189101,12.332141623974993,20.05158150376895,281.496081478718,7.159070090817741
7.779230189351188,15.007132453079821,14.081709022791713,12.375720654084192,19.867243190314703,280.5444567214761,7.135918690258326
7.767044211506114,15.052319874565633,14.250335257331779,12.419455840117863,19.677077133313333,279.5723410824531,7.111670744540727
7.755100082458624,15.094791075910722,14.443118981293502,12.463036833195156,19.481263529799143,278.5826775875155,7.086350145989243
7.74341832289742,15.134419418527823,14.660951791746644,12.506218106420018,19.27999362033643,277.577840018785,7.0599812099233565
7.732006314610194,15.171152651790477,14.90493017173537,12.548810706972466,19.073476125718898,276.5596470406581,7.032591290155205
7.720859077019355,15.205006641717743,15.176342349836995,12.590675243980607,18.86194236203602,275.52940988458136,7.004212626041987
7.70995918128599,15.236049761203564,15.476592458970819,12.631720293243873,18.645647040694023,274.4880206118475,6.974883928958127
7.699275841530128,15.26438746181846,15.807120294978395,12.671899788238317,18.42486671745153,273.4360738202975,6.944651313215966
7.688763502655894,15.290151559763872,16.16936279039291,12.71120403422668,18.199900107525274,272.37398276337564,6.913567988944162
7.67836155019777,15.313495829891743,16.564754737679667,12.74964767187877,17.97107096574981,271.3020278316385,6.881693346691658
7.667996584537817,15.334596526661368,16.994726249473842,12.787259808410644,17.738736080981337,270.2203227219807,6.849092230024892
7.657586628710406,15.353651200809374,17.460673695364427,12.824076620623945,17.503325532902128,269.1287525455501,6.815834366315515
7.647044956449486,15.370870161247158,17.963922594290608,12.860134476137596,17.26545188684928,268.026968517803,6.781993522905916
7.636282061679824,15.386463962880992,18.50569962531979,12.895463600943506,17.02605637903124,266.91446533657086,6.7476459058416935
7.62520635374458,15.400635854764563,19.087103271335877,12.930083125726048,16.7864925000759,265.7906690818384,6.712867963890731
7.613724618940115,15.41358287904115,19.709061354433732,12.963996817974046,16.5485031366217,264.6550069142792,6.677734014464796
7.601742695314376,15.425499677594553,20.372290263614143,12.997188656846532,16.31413985063827,263.5070145554315,6.642313631337305
7.589166585602623,15.436577532274452,21.077273524412043,13.029618383616993,16.08567534569728,262.3464517171284,6.606669835175255
7.575903641348005,15.446998040647607,21.824250654166125,13.061217413318001,15.865522295532843,261.17332114357043,6.570860142041672
7.561862839522339,15.456925509820621,22.61320766736563,13.091885827626355,15.656160186559681,259.98778200544865,6.534940064085092
7.546953775196388,15.466501026045023,23.443879769745834,13.121491833791382,15.460072130998412,258.7900304514488,6.498966111668767
7.531085576181379,15.47583815480748,24.31576989129534,13.149875183020352,15.279690970241854,257.5802124600753,6.4629969773946625
7.5141692976751715,15.485019128227066,25.228171529659445,13.176854880720592,15.117351975949228,256.3584333006265,6.427094022057965
7.496127040408008,15.494092207715992,26.180184508297398,13.202238938471075,14.97525069995744,255.12487696692287,6.391321717720951
7.476904622451799,15.503074014348373,27.170726515231017,13.225832389682818,14.855407185249431,253.87993365615148,6.355747364627933
7.4564801312246525,15.511958747573582,28.198551359139312,13.24744172684561,14.759637458288058,252.62423964319746,6.320439673046205
7.434865135181832,15.520728417362855,29.26226892919745,13.26687742979655,14.689532014039623,251.35864411124146,6.28546725172389
7.412100929393899,15.52935926663179,30.36035284270384,13.28395882090731,14.646443129604481,250.08416678451505,6.250898668289342
7.388252657165489,15.537830389569288,31.49113701609915,13.29852316706207,14.631484127530232,248.80199717740354,6.216805411846974
7.36340394150081,15.54613858470778,32.652816589599894,13.310434417218175,14.6455396814872,247.51352838943697,6.18326811044378
7.337655389452348,15.554313134627419,33.84346585929186,13.319587673252084,14.68927986100979,246.22036189276776,6.150383518082436
7.311127478887388,15.56243522735458,35.06106332689708,13.325915077395727,14.763167956678952,244.92425984178504,6.118268190712843
7.283965047170276,15.570680374158377,36.30350021841225,13.329401915067383,14.86745786161494,243.6270873779856,6.0870577417126395
7.2563431075949705,15.579385204701374,37.56857593534583,13.330108403947605,15.002187642897676,242.33076426436583,6.056903964128748
7.2284741437268245,15.58912827995139,38.85400706040059,13.328180486156462,15.167181568166438,241.03720415576336,6.027971591764306
7.200611554073439,15.600810835236596,40.15744797806059,13.323844719475114,15.362064495121677,239.74825170243244,6.000433989279067
7.173044557739573,15.615699734365354,41.47649680363213,13.317397901226474,15.58627886031978,238.46565691012546,5.974467215836411
7.14608711853523,15.635416008923345,42.808691673632126,13.309196822115712,15.839100302594296,237.19107862968804,5.950244480908618
7.120066477170954,15.661901598785922,44.15152755246279,13.29964755310316,16.11966399354761,235.92606873958155,5.927933315165038
7.095314518420051,15.697379009292305,45.50249463289177,13.289198262173738,16.427006978583574,234.67204550578447,5.9076954113630835
7.072161722238312,15.744290203859704,46.85911319978748,13.278337004938715,16.760118749449365,233.4303244426449,5.8896870204073135
7.050931423839592,15.805218346966763,48.218955167879436,13.267590840873966,17.11799633944318,232.20219882881514,5.8740574898613644
7.031933203949553,15.882809135585887,49.57966292777466,13.257529092366214,17.49970171863876,230.9889634230805,5.860945770979428
7.015457042233647,15.979702761540013,50.93896716675815,13.248773099517864,17.90441442436194,229.79184207021075,5.8504770940521995
7.001769830434929,16.098476600802808,52.29468878105588,13.242007357205667,18.33147557927319,228.6118913918044,5.842761337589272
6.991112803304826,16.241591947739668,53.64472993552907,13.238000677302098,18.780417821269975,227.44993271227847,5.837892819219917
6.9836977506337865,16.411344068351884,54.987077953688896,13.237646519117861,19.25096714666867,226.30651077170987,5.8359505846953965
6.979702189005826,16.60981958302971,56.31981581695698,13.24199531065057,19.743020899786124,225.1818810000511,5.8369984325971815
6.979265018004604,16.838860720080103,57.641119988339725,13.25224991868871,20.256630848874718,224.0760183255873,5.8410845993577585
6.982483902729116,17.100033960821207,58.94925157178471,13.269733877893286,20.791998507759494,222.98861947233172,5.8482415915562305
6.989414963368805,17.394603726556056,60.24254462283308,13.295850081316269,21.349459766785557,221.91909236506984,5.858486561027201
7.000074394067153,17.72351294199721,61.51938463726724,13.332053117748941,21.929446682900505,220.86654704629228,5.8718217239525625
7.014440991132686,18.08736958224126,62.77818905149556,13.379891983026498,22.532439837948477,219.829793630163,5.888233333643697
7.032459011352757,18.486436501143476,64.01740778681334,13.44113781017011,23.158933525958204,218.80735872826062,5.907688695712042
7.054041286121518,18.92062487457285,65.2355577814717,13.517899013212574,23.80941915374199,217.79752622555267,5.930133284087114
7.07907184742532,19.38949460083066,66.43131387040935,13.612651860899618,24.484369689736507,216.79837289552572,5.955490316637198
7.107407330560282,19.892262244923465,67.60363956617368,13.728253727047417,25.18421413104103,215.80777483828044,5.983662100758237
7.138878470292136,20.42781268038658,68.7518898474088,13.867990514949174,25.909308086083303,214.82340194582866,6.014530929654215
7.17329357476262,20.99471081969761,69.87585109395808,14.035581302537988,26.659904878171396,213.84273158361842,6.04795962118417
7.2104442581136645,21.591213466319793,70.97572368316818,14.235076810346506,27.436132686663715,212.86309278115093,6.08379299907466
7.2501132086220945,22.21528320956617,72.05204723873979,14.470695765737048,28.237987697699527,211.88172099775502,6.12185973531696
7.292082682493813,22.864605215399997,73.10559182742935,14.74667120539356,29.06533556179185,210.89580018444815,6.161973124443555
7.336140196020202,23.536606198879415,74.1372681324986,15.067163865846107,29.91790173502011,209.90250202432662,6.203930725378076
7.382079394181641,24.22847792544432,75.14808230246658,15.436278703443971,30.795248877446525,208.89904801820015,6.247513787504096
7.429700216096978,24.937217075077246,76.13911508165675,15.858136820159757,31.69675510786849,207.88278835020165,6.292487349719523
7.478816874497675,25.659694178675434,77.11150680792473,16.336890362217236,32.62160195647551,206.85125943766266,6.338601861640087
7.529274628740916,26.392745431793678,78.06645535293043,16.876634319509545,33.56876811542993,205.8022056349276,6.385596314648891
7.5809625733307895,27.133259352035697,79.00521928004854,17.481265939977128,34.53702328100936,204.73359553444524,6.433201353955431
7.633812341944389,27.87822890532531,79.92910749954021,18.154349140278768,35.52492854383463,203.64364871037006,6.481141527598836
7.687787461560936,28.624763966476404,80.83946949472157,18.899006043261085,36.53085092293394,202.53083823920664,6.529137485910596
7.742871460012689,29.370082685368523,81.73770314923944,19.71783737893168,37.55298715245574,201.39384154348286,6.576908252755611
7.799074366000274,30.111502986039937,82.62525652445287,20.61286625785487,38.58939443917761,200.23146144657247,6.6241732580066675
7.856506711518603,30.846454502122647,83.50360358038206,21.585515521905315,39.63803334825639,199.04255649363864,6.6706550980946915
7.915529077829675,31.57251900941805,84.37423336283989,22.63663862163624,40.696818914253264,197.82600852672957,6.7160833913568725
7.976879210304852,32.28747586424217,85.23868616113667,23.766584808661932,41.763673341843464,196.58073171412337,6.76019837918317
8.04168739408967,32.9893324536558,86.0985768737399,24.97525062597239,42.83657777218882,195.30569592646168,6.802752901844953
8.111405967928052,33.67635537466724,86.95553780065467,26.26210592714428,43.913609374598416,193.99994110537023,6.843512063079894
8.187717663958807,34.34711064288743,87.81111382417838,27.626230067254287,44.99295344976611,192.66258834297045,6.882250877643562
8.272449778553412,35.000491739760506,88.66668102819335,29.06639918656273,46.072912472921274,191.2928542772668,6.9187515341731265
8.367498599952713,35.63573069738638,89.52340499347791,30.58120540660888,47.15194760447696,189.8900611212676,6.9528022919116745
8.474765298170675,36.2524040117014,90.38221048495458,32.16912716694252,48.22876247663767,188.45363287316079,6.984198817955026
8.596102364319087,36.85042061221842,91.243742402002,33.82852864212193,49.30240052644767,186.9830808008797,7.012747088717204
8.733267694389522,37.4299820615852,92.10833250151849,35.55764650383378,50.37230689148377,185.47800177343223,7.03826710866474
8.887885757725492,37.99153849238296,92.97600600947577,37.35458583882768,51.438321002039416,183.9381028905952,7.060597358678108
9.061420591295452,38.53575416504556,93.84652952902317,39.21730659719763,52.500607992047456,182.3632326993852,7.079598259633915
9.255162145136177,39.06346717012134,94.71945147818721,41.14360275523163,53.55957462050406,180.7534032936843,7.095152182728224
9.47021644788363,39.57563660860602,95.5941065966857,43.131091161698066,54.615819531184655,179.10880658526494,7.107160354639832
9.707490005001976,40.07329387946798,96.46961446321879,45.17722782078836,55.67013140904102,177.4298245311649,7.115539436546007
9.967671021940838,40.55750810122548,97.34489671053734,47.279354629946695,56.72350489305073,175.71703607309033,7.120219783102881
10.251214797799706,41.029353329946716,98.21869632998933,49.434759627150235,57.777148490078886,173.97122362124185,7.121145365340285
10.558338016183594,41.48986791575864,99.08958370361337,51.64072686866505,58.83249675545919,172.1933678518626,7.1182742311099965
10.88902848767042,41.94001684659983,99.95595750637398,53.89454494826494,59.891233127863615,170.3846313356695,7.111578302494006
11.243073922658821,42.380670523588435,100.81604722366521,56.19346003408978,60.95528847656698,168.5463465173602,7.101041812832289
11.620106061275997,42.81259727018297,101.66791126176595,58.53459855320033,62.02678443645467,166.6800069679161,7.086658652226924
12.019658466082163,43.236460641332805,102.50942650512069,60.914895696286976,63.10794065702862,164.78725867134258,7.06842967524432
12.441227219820341,43.65282661340638,103.33828140640495,63.331048553756354,64.20101090815992,162.86989953090787,7.04636096937604
12.88430654937084,44.06219165456757,104.15199501120001,65.77948977113638,65.308302339438,160.92987588864128,7.020463612708047
13.34838846359124,44.46502373326769,104.94796428718259,68.25637086873253,66.43223418866863,158.96925491935858,6.990755595721144
13.832952527942082,44.86179434710792,105.72351406678791,70.75757180519017,67.57532668139793,156.99017722329364,6.957266551567099
14.337484605225693,45.25298990355355,106.47593003048698,73.27876134603503,68.74010004098226,154.99480803330735,6.9200437338504335
14.861532964795604,45.639106418566165,107.2024732436185,75.81549698871525,69.92898534929519,152.9853090427705,6.879155772725117
15.404758883683568,46.02064460987386,107.90037819667015,78.36334632500346,71.14431893089785,150.96386132343662,6.83469276684384
15.966939483445849,46.39813501521637,108.5668472066473,80.91801426323144,72.38836153106317,148.9327464600755,6.786764576686018
16.547948048985987,46.772201446604875,109.19905973175591,83.47544244164663,73.66325451476227,146.89445050615083,6.735499416361013
17.147783875600904,47.14361438814229,109.79419373198368,86.03188663014224,74.9709200693543,144.8517406306119,6.6810424203599075
17.766665918977946,47.5132835972145,110.34944810547788,88.58401802155595,76.31297936829682,142.80767137301254,6.6235527044819555
18.40510399784299,47.88220969622045,110.86207317514169,91.12905295998402,77.69073055252805,140.76551272429765,6.5631990958142445
19.063875860037548,48.25144457900656,111.32942366810458,93.66487718785675,79.10515589681019,138.7286459172412,6.500156462124848
19.7439356156439,48.62206963704936,111.74904509723906,96.19012360402735,80.5569101767022,136.7004771061579,6.434604614653862
20.446307218058724,48.99517571113196,112.11878062561436,98.70417147083488,82.04628271123339,134.68437622377695,6.366730537272385
21.1719868829985,49.37183866318459,112.43684176251412,101.20707748606694,83.57315549043108,132.683623567234,6.29673246317495
21.92186076062429,49.75311492463865,112.70180318016999,103.69947083101877,85.13698893654228,130.7013556165655,6.224822523689644
22.696638233280794,50.140135272117455,112.91255733223338,106.18243183417366,86.73684284821614,128.7405179824437,6.151225995275663
23.496800671546072,50.53431792122871,113.06828189703518,108.65738692863256,88.37138810794234,126.80383496913181,6.076178437687899
24.32257341938561,50.93755143946344,113.16842169241899,111.1260396081582,90.03888065838517,124.8937913245724,5.999923037109679
25.173926700404884,51.35221795906311,113.21265840990073,113.59029143220027,91.73714194806035,123.01261641802166,5.922709229009697
26.05058873501202,51.78110623152867,113.20087021282774,116.05212301770877,93.46358847014314,121.16227490931115,5.844792508251266
26.952049223716323,52.22728936655599,113.13311976234557,118.51348739791649,95.21530164244939,119.34447457202909,5.766434246557816
27.877560183620176,52.69398131625907,113.00968511814463,120.9762683994554,96.9891237341352,117.56068991716752,5.687900283486047
28.82615288935787,53.184396566642654,112.8310850704927,123.44228943734932,98.78175475178445,115.81219019438784,5.609458390145371
29.79666710774485,53.70164216140165,112.59807039776847,125.91331442058905,100.5898020890846,114.10006018184276,5.5313753862633055
30.78777600795092,54.24863531807016,112.31164785957745,128.39100767898685,102.40977730582165,112.42521173041975,5.453914692222761
31.79799635853186,54.82802344964188,111.97319026708553,130.87687542110527,104.23807849569303,110.78839945034606,5.377334813329577
32.825681616969504,55.44210329113467,111.58455820529535,133.37220966248535,106.07098937293897,109.19024555868624,5.30188874087728
33.86900900558719,56.09275915929026,111.14813454874715,135.8780234528457,107.90472789945225,107.63125343440916,5.22782397083821
34.92598261560694,56.78143466828861,110.66677787887262,138.394975701542,109.73556270918776,106.11180001693295,5.155382072890279
35.99446401518763,57.509126702964046,110.1437608313379,140.92332225938978,111.55996485552434,104.63212619202405,5.084796947578336
37.072215653126285,58.276383202353905,109.58271969426121,143.4629548395586,113.37472980861001,103.19234665838053,5.016292447256305
38.15693327892718,59.08330034512345,108.9875869018125,146.0135271477128,115.17700982185795,101.79250051423094,4.950079926584343
39.24626966090916,59.92952017486324,108.36248676798425,148.57454636302052,116.96426500154551,100.4326494945614,4.886355782656515
40.33787203398745,60.814234263965986,107.71162534192659,151.14533472180668,118.73420852099227,99.11298130821207,4.82529998455108
41.42943342837711,61.73622008588266,107.03922348985854,153.72491797249748,120.48478157773616,97.8338696064274,4.767076121749186
42.51872995029171,62.693930025365646,106.34950684713999,156.3119579136424,122.21413682045893,96.59588855332335,4.711831752469419
43.60362170667676,63.68561062819266,105.64671145981227,158.90482990637827,123.9206130153675,95.39979386010152,4.659698458025456
44.6820222920513,64.70941121810954,104.93505687315626,161.50185285452574,125.60268950906111,94.24647557514153,4.610792477770355
45.751859723781756,65.76344644079822,104.21869109039054,164.10149759980186,127.25891900654547,93.1368938671653,4.56521608626593
46.811046888792504,66.84579635769897,103.50163797160143,166.70241237203047,128.88785497426232,92.0720073475175,4.523058747445633
47.85746541311256,67.95446637043018,102.78774808094477,169.30333164910598,130.48798323266323,91.05270247761982,4.484396855396811
48.88896051088918,69.08734325696093,102.08064162217568,171.9030023281851,132.05766175919152,90.07974002931716,4.449291658183483
49.90334814813105,70.24215972899631,101.38365403086564,174.5001375825961,133.59507989347546,89.15372867715472,4.417787236579687
50.89843849532833,71.41647495958125,100.6998049142768,177.09337231949382,135.09824361527137,88.27511468023418,4.389911285103999
51.872078186313175,72.60770897503674,100.03180589826006,179.6812617730834,136.56498729098277,87.44416957374249,4.3656783149141445
52.82221142528085,73.81324296181779,99.38210029296096,182.2623539136739,137.9930239081592,86.660974572603,4.345091673255856
53.74694156409594,75.03051160107256,98.75289610842255,184.83528878175935,139.3800385281804,85.92541194650175,4.328142133929769
54.64456291344807,76.25702460942337,98.14617573776519,187.3988695073061,140.72378706150784,85.2371654047107,4.31480440337458
55.51357027956257,77.49034719239162,97.56370944427147,189.95208107215757,142.02215705459858,84.59572328552832,4.305034170618334
56.35268425693561,78.72808837008812,97.00708294485685,192.49403995723037,143.273185130343,84.00038539630145,4.298767028063355
57.16088996537422,79.9679034337187,96.47772988616661,195.02388752961525,144.47505792025933,83.45027751268242,4.29591869017258
57.93745104880675,81.20748831474373,95.97698756691231,197.5406802098699,145.62614831834063,82.94436163966999,4.296385343092894
58.681890124186765,82.44454856699139,95.50617889834419,200.04331393159455,146.72511187970233,82.48142955781994,4.300043847843845
59.39395996479772,83.67675248383338,95.06666780190658,202.53048847941466,147.77100137481395,82.06009388168698,4.306752250786682
60.07363300239396,84.90169297477233,94.6598591792074,205.00071369640244,148.7633487928962,81.67880508483181,4.31635164306374
60.721118064212945,86.11688197341813,94.2871716516884,207.4523359646711,149.70218702271467,81.33591411565544,4.328671005336256
61.33687401638801,87.31979511421571,93.95000335281345,209.88354353627085,150.58799162597353,81.02976500589098,4.343534825506258
61.92158503978578,88.50794960889448,93.64970667529676,212.29235370414347,151.42155704175678,80.75875632586498,4.36077000973793
62.47610343617116,89.67895361033332,93.38759022978316,214.6766137017467,152.2038548797257,80.5213388680331,4.380208981819772
63.00138572166176,90.83049706067165,93.16491775805987,217.03401282719693,152.93590527506103,80.31599731414305,4.401689480045892
63.498441859607716,91.9603382908327,92.9828606934654,219.36210597651402,153.6186713269085,80.14125854732507,4.425053692369005
63.968309046521796,93.06634116376586,92.84242135305013,221.65838626872076,154.25300060487518,79.99570016336976,4.450148356204256
64.41204717309903,94.14653627327979,92.74438346927676,223.92038444198394,154.83962750472188,79.87793542258034,4.476825237679707
64.83074659118478,95.19914942937969,92.68931506199525,226.1456891928684,155.37919097641813,79.78660644838574,4.504941099319235
65.22553475904573,96.22258427614247,92.67759276498,228.33185697043425,155.87221141060562,79.72040796539113,4.534357656301486
65.59757108913581,97.21537743727437,92.70941550102214,230.4763113325801,156.3190347702199,79.6781185865107,4.5649422002219175
65.94805208909517,98.17614837445909,92.7848123485358,232.5763391678239,156.71978506266706,79.65863275927634,4.59656916075532
66.27825288167085,99.10358021004747,92.9036500085911,234.62920720935082,157.0743376214196,79.661001094901,4.629123483547523
66.58957925964425,99.99645608751698,93.06562602235535,236.63236002801915,157.38230557787512,79.68444552685466,4.662505285963235
66.88359445058677,100.85371688519393,93.27024131253164,238.58362877652866,157.64304500377577,79.72832140504619,4.696632074449202
67.16202466402727,101.67448675974873,93.51676305353931,240.48134448420655,157.85569206632044,79.7920591669018,4.731436344114831
67.42674765494245,102.45805708968905,93.8041950627685,242.32429653904657,158.0192285322032,79.87513092269398,4.766861063235112
67.679749800955,103.20384976771415,94.13126586189591,244.11160321082443,158.1325602772917,79.97705850527912,4.8028560751546925
67.9230557642991,103.91137612813812,94.4964337350366,245.8425913627169,158.19459244355252,80.09744635975164,4.839376255234703
68.15865439150153,104.5801976126389,94.8979171365356,247.51672655420518,158.20428503005928,80.23599003119998,4.876381129118882
68.38843691946451,105.20990223272773,95.33375272267179,249.1336058809834,158.16070724020457,80.39243267899273,4.9138346037815674
68.61416017841974,105.80012617414623,95.8018445493736,250.6929927186914,158.06312538632142,80.56650372987484,4.95170316775672
68.83744676985994,106.35061657780489,96.29999036243727,252.19484146196996,157.91110209611247,80.75787899563468,4.989952602404906
69.05980805068909,106.86127839012399,96.82593478757462,253.63928385138942,157.70455490449137,80.96616301222919,5.028544487108283
69.28265343168063,107.33216784536327,97.37746488850544,255.02658080148433,157.4437559346354,81.19088030567181,5.067433282442194
69.50727052886536,107.76344887673261,97.95248121192475,256.3570759406942,157.12929072897506,81.43146715988787,5.106564353604416
69.73479428535641,108.15533892059909,98.54899579053162,257.63119842689184,156.76200933259634,81.68725823468989,5.145873621354178
69.9661872601123,108.50806135766253,99.16509501968658,258.84948203569735,156.34298234266967,81.95746543025564,5.185289101959301
70.20224266161124,108.82182278995654,99.79893272016221,260.01251981479544,155.87346087906505,82.24115638196069,5.224733566656225
70.44361185714848,109.09683025637132,100.44875606748725,261.1208498873153,155.3548521744293,82.5372509639404,5.264127534412419
70.69084525664671,109.33334535105627,101.11290775537334,262.1748159205701,154.78870585588052,82.84454642290675,5.303392082542559
70.94444142344125,109.53175363020608,101.78978242610407,263.17446938423143,154.17668681774452,83.16175599152913,5.342451190086076
71.20490379833797,109.69262508381465,102.47778324915791,264.11965881342695,153.52053964643673,83.48753047207023,5.381234063730227
71.47277943258504,109.81675817135938,103.17532465936551,265.0103585660243,152.82206669750994,83.82045496459294,5.419677134157248
71.74866615424058,109.90522616823304,103.88087343625499,265.8470325390766,152.08311543692133,84.15905216375334,5.457723982944419
72.0332101311808,109.95944967372047,104.59298053892287,266.63080871983726,151.30556413631135,84.50181666411972,5.495322764954193
72.32709352128829,109.98127871289888,105.31027149263133,267.363424687912,150.49130897190003,84.84726064306548,5.532422849315154
72.6309953676446,109.97303327507484,106.03140878472652,268.04702031887723,149.64224688221776,85.19394165383443,5.568972238279767
72.94553769598086,109.93749952865981,106.75506215975979,268.6839305855215,148.76024710187153,85.54046842695821,5.6049159425793365
73.27123827003192,109.87791624265739,107.47991165980578,269.276618865724,147.8471234218942,85.88549633968739,5.640195173048872
73.60848568968404,109.79793889051112,108.20467899874643,269.827721157392,146.90462474252558,86.22772537152069,5.6747476264351215
73.95754763509913,109.70158138390178,108.92815835592009,270.3400543984152,145.93445901492953,86.56590649560657,5.708508395564792
74.31860165614975,109.59317184350267,109.64922540504703,270.81651764227155,144.9383491313776,86.89885335046657,5.741410161022793
74.69175938881371,109.47729505282004,110.3668331164985,271.259962216723,143.91807672101237,87.22545867188965,5.773382393560964
75.07706784107329,109.35868549145934,111.08000884956107,271.6731840931968,142.8754780787205,87.54471359991747,5.804350853959551
75.47451027460322,109.24211800827261,111.78784452844097,272.0590807691795,141.81243441295487,87.85571105833478,5.834238435681905
75.88403468083433,109.1323386194673,112.48946887434045,272.42078870447995,140.73090704985353,88.15762166388723,5.862966689567021
76.30558723713186,109.03400908907638,113.18401862849662,272.76163853229906,139.63297915492777,88.44966398899234,5.890456665461048
76.7391083442232,108.95163183551489,113.87063048505574,273.0850205049679,138.52084482722452,88.73110187118,5.916629186396173
77.18449711851345,108.8894625478099,114.5484413176787,273.39430370454363,137.39676498219413,89.00127357548271,5.941406013013096
77.64159684084927,108.85144420176617,115.21656950247262,273.6927780104492,136.26303885722638,89.25962079732217,5.9647123935994
78.11022922534981,108.84117856652132,115.87407648633747,273.98353146537556,135.12199270459723,89.50568837323631,5.986479345915017
78.59022908537004,108.86191183299476,116.51994092589023,274.2692993068549,133.97596147513772,89.73910366359019,6.006643782083291
79.08142535740811,108.91651953521954,117.15308402999791,274.5524002135411,132.82725959232835,89.95956807568248,6.025147410090092
79.58359751349509,109.00751470618059,117.772433235384,274.8347896306814,131.67815180291583,90.16687618081181,6.041937091521601
80.09646402733225,109.13707903523907,118.37695759702744,275.11816143371095,130.53082673963058,90.36093661683296,6.056966785119809
80.61969578779484,109.30708608370095,118.96565145548281,275.40408957734445,129.38737384008846,90.54176445365121,6.070198579396483
81.15291192765889,109.51914300016801,119.53751411799784,275.69423221277884,128.24976790450157,90.70945882815452,6.081601874669447
81.69565143114225,109.77468817917713,120.09155431630475,275.99047613034963,127.11986182712502,90.86419864970095,6.091152553248447
82.24734359353957,110.07507185279245,120.6267977981707,276.29490531073645,125.9993970042906,91.00625304201438,6.098833639015544
82.80728782922449,110.421527781916,121.1422862819055,276.6096692356416,124.89003749115685,91.13597618099108,6.10463674871298
83.37463663677845,110.81506123782842,121.63708092722476,276.93685687093136,123.79339856218452,91.25378655068343,6.108562801966847
83.94838976573416,111.2563331324314,122.11026500049395,277.2784116300669,122.71104620637365,91.36015543309361,6.110621292718254
84.52743573312509,111.74559295407809,122.56092665209228,277.6361016826432,121.6444908877674,91.4555960335201,6.110828797539501
85.11064736332776,112.28267223570822,122.98812488531625,278.0115075117868,120.59519350247591,91.54062578896078,6.1092080991794155
85.69696885796463,112.86700239397771,123.39085185985208,278.40596367573096,119.56456342747812,91.61570840634052,6.105788904250574
86.28543993713434,113.49761738056395,123.76799573586165,278.8204621575593,118.55393538001807,91.68119994765998,6.100609841150659
86.87517489413898,114.17313825340024,124.11830982911134,279.2555785508363,117.56454362350689,91.73731744296674,6.093720238213471
87.46535851447331,114.89174890485734,124.44039582585478,279.71145477630444,116.59751359729268,91.78416206670775,6.085181136231688
88.05530504615291,115.65117366997242,124.73270431043667,280.18783668954086,115.65386688619755,91.8218041442042,6.0750661847484295
88.6445461872809,116.4486810058532,124.99356104361509,280.684183844916,114.73452945776646,91.8503671724904,6.063462005163742
89.23286406438578,117.28113306901523,125.22122295157047,281.199863273662,113.84034043213143,91.8700656096967,6.050467283038442
89.82024529842052,118.1450645638069,125.41394318289828,281.73433899483075,112.97205074574246,91.88122539845097,6.036190823133233
90.4067992963908,119.036749762045,125.57002666488928,282.28721863564357,112.13031052374119,91.88430221106044,6.0207487781926226
90.99268008647074,119.95224921168372,125.6878758671534,282.8581468584658,111.31566431026899,91.87987082067431,6.0042613766575865
91.57802945595708,120.88746689283315,125.76601542474124,283.4466672936577,110.52855516886702,91.8685828313122,5.986849697800446
92.162959621846,121.83824348787131,125.80308684766898,284.0521386684994,109.76932316053868,91.85112509404357,5.9686325384857
92.74757946373461,122.80048511487492,125.79784418892658,284.67370880999806,109.038203127557,91.8282083326132,5.949723409501061
93.33201874575705,123.77028547143422,125.74919140857287,285.3103192818688,108.33533110165929,91.80058016577497,5.930228234922981
93.91640123972564,124.74399135282451,125.65625665541732,285.96069094760026,107.6607501354577,91.76902579207982,5.910244483213977
94.50079071561962,125.71821374831593,125.51845752917635,286.62325920364555,107.01440291449119,91.73433740972624,5.889861623323373
95.08517429905304,126.68980811972742,125.33552099954775,287.2960840442519,106.39610771747031,91.6972709539709,5.869161982468215
95.66949565438458,127.6558389587035,125.10746052547705,287.97677149286346,105.80551985973162,91.65850924853727,5.848221650172828
96.25369119406669,128.6135484318842,124.83453827478435,288.6624150051408,105.2420874427003,91.61863192423904,5.827111272231663
96.83769928683947,129.56032737002278,124.51723591744886,289.3495435657113,104.70501553793801,91.5780967743716,5.80589579631992
97.42145917656633,130.49367200699297,124.15623677398641,290.0340842852939,104.1932495568012,91.53724632575548,5.784632829112447
98.00492101436491,131.41113326193786,123.75240921359332,290.71140860690093,103.70548206660989,91.49633687604853,5.763370978626372
98.58806097802655,132.31027269037762,123.30678263749564,291.37648828354116,103.2401829973102,91.45556647662244,5.7421493052029895
99.17088684275105,133.1886269527218,122.82051251414217,292.02403850537667,102.79564855091417,91.41508049326141,5.72099715475797
99.75343887161723,134.0436877461299,122.29484751276642,292.64854996612144,102.37006243840847,91.37495381570642,5.6999343165877905
100.3357860207047,134.87292183112905,121.73114050096846,293.2443010215168,101.9615605727931,91.3351674033199,5.678973347620502
100.91799521296483,135.6738376494021,121.13092354594703,293.80545296411645,101.5682787204033,91.29559576254259,5.658124035835103
101.50007364446978,136.44405514270125,120.4959922682941,294.32617229749525,101.1883690773355,91.2560089748799,5.6373969596216815
102.08191564062419,137.18133483739834,119.82843139938876,294.8006938100809,100.82000923956257,91.21608357658234,5.616804078188757
102.6632681241715,137.88356785537576,119.130576622769,295.22333360709666,100.46143854313281,91.17541300572587,5.596357427791445
103.2436992174351,138.54875246933398,118.40495195758596,295.5884961945844,100.11101337216772,91.1335207321489,5.576068460523914
103.82256288501264,139.1749760729739,117.65421792779844,295.89070628273777,99.76724344855442,91.08988667231719,5.5559495433950286
104.39898291113585,139.76040394481294,116.88114451407414,296.12467550289006,99.42879559274002,91.04397172439784,5.536016785256258
104.97187665725387,140.30326648060304,116.08860107277735,296.28537077494906,99.0944754870042,90.99521885464519,5.516291725600695
105.5400015246222,140.80184531471437,115.27953610670089,296.3680489494343,98.7631971253325,90.94304130318564,5.496800162167772
106.10199254616333,141.2544788728683,114.4569306465785,296.36827002088137,98.4339504063322,90.88681368295136,5.477569064957309
106.65637318130494,141.6595964510376,113.62374377934196,296.281930301148,98.10578074710229,90.82585985633715,5.4586238766008846
107.20154005238678,142.01574221243905,112.78287011614603,296.1053563574922,97.7777913043785,90.75943240380374,5.439986853909735
107.73574640469353,142.32156316434927,111.93711002572547,295.8354390091795,97.44916628339506,90.68670006729842,5.421675885397187
108.25711403457188,142.57580638348682,111.08915487003539,295.46970311084834,97.11919676685625,90.60676250055533,5.403704263789321
108.76367794692105,142.77736009513026,110.2415840781685,295.0062688854419,96.78728544381553,90.51868228628591,5.386081787532015
109.25344952954124,142.92530090248033,109.39685489321275,294.44379019155303,96.45292311130527,90.42150578763446,5.368815847324798
109.72448516052438,143.0189235366457,108.55727660903831,293.78145975612347,96.11564966671811,90.31426943686387,5.351911670839614
110.17494249449769,143.05777634337971,107.72498458747812,293.0191092046023,95.77501340447549,90.19601384833635,5.335372554649926
110.60310644360506,143.04169030472482,106.9019287370015,292.1573496313283,95.43053346935444,90.06581669351532,5.319200083233179
111.00738558068575,142.97076288564824,106.08987370935867,291.19762170921086,95.08166819484966,89.92284043453589,5.303393523010323
111.38628997335321,142.84530464887405,105.29040079109936,290.1421008739936,94.72779392112065,89.76638815709765,5.287948827203772
111.73840723336396,142.66578845938676,104.50491681831966,288.9935532008099,94.36820004508584,89.59594932139997,5.272857750758782
112.06239838335443,142.43282078307791,103.73469314260022,287.75523239031924,94.00210593053909,89.41121923018106,5.2581066699134285
112.35700712832877,142.14712017088007,102.9809322844315,286.4308037013296,93.6287006111433,89.21209825068983,5.243675865191448
112.62105078922593,141.80947928397526,102.24482160705193,285.02426755693045,93.24719449454852,88.99868608974137,5.229540962307832
112.85338574261328,141.42071045027527,101.52756021849042,283.5398890633507,92.85686072326341,88.77127449029086,5.215676113847007
113.05287247716227,140.98159310152207,100.8303864641618,281.9821267157815,92.45704850435199,88.53032799907614,5.202056516323331
113.2183608038609,140.49284715688984,100.15462775113639,280.3555773507911,92.04717395275779,88.27644837868608,5.188658985711691
113.348689842364,139.95516535595328,99.50177455054201,278.6649885098613,91.62671815360686,88.01033359172709,5.175461749292576
113.44268554347641,139.36930627756635,98.87353787257625,276.9153392001111,91.19525398003678,87.73274799215638,5.162445495625861
113.49915336785841,138.73617964052457,98.2718277204926,275.11192382334985,90.7524840401078,87.4445126586681,5.149596106671817
113.51688335867311,138.05685727935696,97.69865995025859,273.2603552925526,90.29826185758344,87.14650115053851,5.1369073542994235
113.49468049788052,137.33252700879484,97.15606395080776,271.36645665506774,89.83259071443273,86.83961680473128,5.124381750792316
113.43140831288868,136.56444875679392,96.6460274498636,269.43609491339856,89.35560385695383,86.52475491070514,5.112029326195135
113.32602439126289,135.75393422131845,96.17045143204403,267.4750283362167,88.86753498893428,86.20277756726018,5.099865674391318
113.17760064176275,134.9023277419344,95.73109123757628,265.48881575200596,88.36869113907636,85.87451640054918,5.087910919385771
112.98533163901641,134.01097396885106,95.32950699437075,263.4827910558596,87.85943057715248,85.54078443696172,5.0761899863144055
112.74853939001902,133.08118790592474,94.96705976271816,261.4620413535913,87.34015966586071,85.20236869601261,5.064733248780105
112.46668300460226,132.11424016399982,94.64494206758764,259.4313444184769,86.8113770954644,84.86000217684905,5.05357651648143
112.13937561980903,131.11134896498075,94.36418745517493,257.3951113086779,86.27375288489743,84.5143344565078,5.042760206105083
111.76641629318652,130.0736800016005,94.1256336262402,255.35742499566075,85.72817943088384,84.16591258303026,5.03232853016307
111.34783404843074,129.00238279179393,93.92986975092705,253.32218714060528,85.1757552342678,83.81517175651358,5.02232938523861
110.8839142934359,127.89866941265639,93.7772093987984,251.29325210166255,84.61772250850298,83.46243495153512,5.012814670961018
110.37520754255125,126.76388217495357,93.66769946514299,249.27445865234824,84.05540055464441,83.10792685849032,5.003840406091699
109.82255627800951,125.59950147226212,93.60113678030848,247.26961660910942,83.49014083636327,82.7518004415021,4.995466263348018
109.22712930167393,124.40712220479908,93.57706996437446,245.28251089213614,82.92331144394753,82.3941575518858,4.987754901719485
108.59042384240898,123.18847883898704,93.5947998919749,243.31689833552568,82.35630154730154,82.03505327499899,4.980771950890866
107.9142457857727,121.94553980148385,93.65339214485152,241.37646153982948,81.79052575391903,81.67449320205525,4.974586250481653
107.20069407553726,120.68058251742224,93.75169996810757,239.464720557643,81.22741454943944,81.31242841853671,4.969268526190752
106.45213474264267,119.39617724460237,93.88839225345751,237.58491935304835,80.66838684026581,80.94874919128097,4.964887725801088
105.67114680716892,118.09511584048937,94.06197303540831,235.73991769265075,80.11481131331594,80.58328414365788,4.961506457518244
104.86045386804604,116.78034078042144,94.27078946279757,233.93212732615493,79.56798142121364,80.21580508530214,4.9591772706365775
104.02286353661184,115.45488255123021,94.51304654564159,232.16349760270813,79.02912334281154,79.84603495574596,4.957940105016579
103.16122594641595,114.1217988347049,94.7868354935577,230.43552490059935,78.49942300732985,79.47366337706521,4.95782034601597
102.27841275823761,112.78412475532983,95.090152922602,228.74926643423788,77.98004746346956,79.09837251776459,4.95882688170546
101.37731557236934,111.44484838058672,95.42088834342873,227.1053408786545,77.47215281691524,78.71986876152188,4.960950079066171
100.46086345442697,110.10690150903727,95.77679146254557,225.50390823609766,76.97688155643665,78.33791230198804,4.964160833757206
99.5320417775749,108.77313921408825,96.15544955221458,223.9446540378667,76.49534959941104,77.95234067265919,4.968412700726523
98.59387845653403,107.44629836005535,96.55428576084465,222.42681550441606,76.02862258050172,77.56308303530585,4.973647738813196
97.64939133448365,106.12894661987843,96.9705698153615,220.94926809080263,75.57769339764327,77.17015412113722,4.979803400022734
96.70152852656157,104.82345261339235,97.40143174745057,219.51064175470805,75.14347880805121,76.77362549490257,4.98681636428773
95.75312840786304,103.53203022770869,97.84387499787697,218.1093953918994,74.72682936026185,76.37359622925085,4.9946220559435535
94.80689581332877,102.25686478859318,98.29478836468344,216.74381447027923,74.32852569007711,75.97018714448853,5.003152272893344
93.86538516000901,101.00022935846623,98.75095231472967,215.41196522523126,73.94925390588023,75.56355476059909,5.012333896495187
92.9310056806391,99.76452095896093,99.20904354842041,214.11166014993745,73.5895826866018,75.153898707181,5.022089868195398
92.00606468466269,98.55225205031029,99.66565807738472,212.84046629779098,73.24995459737782,74.74145102028963,5.0323420054317225
91.09281860451006,97.36603435411928,100.11735586455752,211.59573884810393,72.93067790117975,74.3264739505407,5.043014053627262
90.19348313347822,96.20855308749222,100.56070120026769,210.37467798817067,72.63191119435608,73.90930761233079,5.054033117050867
89.31019890869666,95.08253591314445,100.99228075238265,209.17451734035166,72.35365384140556,73.49045855572628,5.065329469407669
88.44498195248433,93.99071036534288,101.40870374957801,207.99289270537608,72.09575514527282,73.07065644617208,5.076836263000091
87.59967885011298,92.93573720049257,101.80660152421125,206.82818023937938,71.8579463759127,72.65083645051565,5.088489159917205
86.77594077095306,91.92013511459804,102.18264833452739,205.6795922073457,71.6398916743969,72.2320874362744,5.100224688190242
85.97522212582005,90.94621874081007,102.53360686970039,204.5470989257586,71.44123388684378,71.81561940966353,5.111977724427792
85.19878947418165,90.01605790028759,102.85637703225942,203.4313401545392,71.26161014647869,71.40275516943477,5.123679667337999
84.4477357909237,89.1314684775308,103.14802865442462,202.33357185662027,71.10065399731529,70.99491624006951,5.135258162423864
83.72301616010179,88.29404783695398,103.40581276358236,201.25562618002917,70.95801573286342,70.59358580800361,5.146638375603907
83.02551352307248,87.5052429640144,103.62715968854953,200.19985838651388,70.83338570653704,70.20026479115356,5.157744972608863
82.35612452925766,86.76640218419843,103.80968156315802,199.16906388795664,70.7264850876198,69.81644344277946,5.16850355990434
81.71582753968282,86.07876667503075,103.95118209663305,198.16639299856476,70.6370289649193,69.44358770714778,5.1788408506761705
81.10568730810405,85.44341302509764,104.04965753325742,197.19531149171723,70.56469367825724,69.08312549725848,5.188683519195964
80.52679772173776,84.86119771596147,104.1032800295266,196.25959113067793,70.50910230909471,68.73642608915793,5.1979565507483425
79.98020429539233,84.33274291206344,104.11037746338735,195.3632747536935,70.46981949429194,68.40476898841942,5.206582162899814
79.4668482036854,83.8584549153399,104.06943783889356,194.51060338617265,70.44635035822316,68.08929871182374,5.214479760985008
78.98755141366078,83.43853393089299,103.97914605942549,193.7059099902623,70.43815223769506,67.79097602020678,5.221567287012059
78.5430213467723,83.07296415572935,103.83842183120352,192.95347837582074,70.44465926881192,67.51054447608233,5.227763957790102
78.13383843840664,82.76150929936311,103.64642975138204,192.25738864573918,70.46530569381017,67.24852221760727,5.2329932779554715
77.76042531746175,82.5037163480585,103.40256781103395,191.62137610661804,70.49954297691858,67.00521846221154,5.237185545458574
77.42302116230665,82.29890928845225,103.1064573841496,191.04872284059894,70.54685100985785,66.78076711845483,5.240279893842339
77.12166916514994,82.14617674620189,102.75795147300917,190.54220364539026,70.60673750437057,66.57516242101504,5.2422253719103695
76.85620766405084,82.04437517251226,102.357154244253,190.104100038222,70.67872489393238,66.3882879982656,5.242980804444529
76.62625895120564,81.99215805452867,101.90442576963302,189.7362622263309,70.76232795104428,66.21994463371419,5.242514193969556
76.431220677175,81.98801362583404,101.40036298140534,189.44016180062584,70.85702926133449,66.06987113137058,5.240802021657073
76.27026681582014,82.03027967373326,100.84577105982126,189.2168945218947,70.9622668404901,65.93774056571966,5.237828606495761
76.14236046139911,82.11713282564111,100.24163677892726,189.06714278002787,71.0774392576143,65.82313293295539,5.23358619323013
76.04627332612733,82.24657908140755,99.58911090087389,188.99112568687707,71.20191905841585,65.7255007884452,5.228075490547508
75.9806017977514,82.41646147557262,98.88950498115487,188.98854800962104,71.3350574741792,65.64413900412393,5.221305340457383
75.94378906432395,82.62448913007373,98.14429776273842,189.05853729727355,71.47616709354163,65.5781693217454,5.213291134947499
75.93417690610713,82.8683029412192,97.35514162149187,189.19956488356826,71.62449261736279,65.52655209568944,5.20405304414467
75.95007537200813,83.14557417888221,96.52386112774471,189.40936998527064,71.77919593560875,65.48812008934003,5.193615470877001
75.9898123128341,83.45408299330073,95.65244239157356,189.68491942333375,71.93936208260591,65.4616131927052,5.182008052358831
76.05175140370385,83.7917427833351,94.74301944725227,190.02244220784954,72.10400871005531,65.44570705226114,5.169267087966061
76.13429117731738,84.15660435834397,93.79785918781678,190.41756396299624,72.27209485585689,65.43904513288209,5.155436739366502
76.23585305926674,84.5468675326218,92.81934462940147,190.8655190423115,72.44253950919216,65.44027268155375,5.140570554602031
76.35486365055255,84.96087681048496,91.80996083339008,191.3613558113147,72.614237503267,65.44806288195315,5.124732946171965
76.4897357979915,85.39707874982815,90.77228427236561,191.90003558376975,72.78604973770786,65.46114295096942,5.107998966562525
76.63884516576097,85.85395837114028,89.70897243521604,192.47641701838506,72.95677272040913,65.47832769014647,5.09045200739528
76.80050339117476,86.32998547392918,88.62274753934317,193.08521152312034,73.1251097771395,65.4985377564862,5.0721809162433065
76.97294139079987,86.82357562669173,87.51637000758802,193.72097180334134,73.2896587889098,65.52078300013167,5.053277493050721
77.15431101999862,87.33306043429693,86.3926093396841,194.37811306598584,73.44891774698182,65.54413175040813,5.033834064162566
77.34269927033094,87.8566798727018,85.25422206452167,195.0509457127142,73.60130330607899,65.56769569168847,5.013941024105813
77.53614501354697,88.39260159911191,84.10393753452703,195.7336929476373,73.74519141419991,65.59063246100524,4.9936846648385735
77.73264872502551,88.93894109922168,82.94445530403753,196.42048135113504,73.87898617212237,65.61215276591854,4.973145550697624
77.93017386034921,89.4937558960534,81.77845666628258,197.10536622882356,74.00118237890861,65.6315202116145,4.9523977772148715
78.12665303033525,90.05501545932995,80.60861729222991,197.78250336632482,74.11038143785372,65.6480366309549,4.931508968791362
78.32000663278663,90.62057786420452,79.4376148821883,198.44644418959408,74.20526670516173,65.66101678867663,4.91053980109635
78.50816302917751,91.18822537622312,78.26813776733665,199.09235637397757,74.2845676875623,65.66976544820017,4.889542337555136
78.68906968923305,91.75576917354805,77.1028846602455,199.71606196091994,74.34703055868954,65.67356833079762,4.868558383069011
78.8606994106121,92.32114558612867,75.94454703821613,200.3139829909824,74.39141173966019,65.67169936853706,4.847619379992859
79.02106939304926,92.88244055673665,74.79578648930548,200.88309714883331,74.41651970683233,65.66343332244806,4.826747845379565
79.16829134441147,93.43786772996563,73.6592165211009,201.4209312800121,74.42130014188054,65.64805040700486,4.805959236858702
79.30063922211147,93.98573840663983,72.5373881330539,201.92556744552542,74.40491191504789,65.62483745279104,4.785263600353405
79.41659012077696,94.52443200740626,71.43277622983294,202.39560932399974,74.3667526155557,65.59310696002005,4.764667827497062
79.51481515797562,95.05237466251198,70.34775962034229,202.83010865654714,74.3064388440794,65.5522439474168,4.744179049470247
79.59414365447542,95.56803310197226,69.28458936450433,203.228489489737,74.22376421884573,65.50176091753379,4.723807271980145
79.65354043647147,96.06991481358709,68.24535294749204,203.59046053440417,74.11865643219657,65.44133722337597,4.703565309525041
79.69211013580768,96.55655561642449,67.23195255059112,203.9158966739872,73.99114460260664,65.37084388073316,4.683466648604968
79.70910750846637,97.02649128257613,66.24610858294446,204.20472761102943,73.84133403448456,65.29036234895116,4.663523146876972
79.70394302154662,97.4782341942947,65.28938508429715,204.45688277811138,73.66938930357443,65.20018861478512,4.643744535947693
79.67619503919451,97.9102791361961,64.3632323245726,204.67227764483138,73.47553751481902,65.1008092646551,4.6241415720214
79.62561619485373,98.3211512650481,63.46903214513326,204.8507880906798,73.26010075660453,64.99285761158018,4.604732510225873
79.55210956698429,98.70948686404647,62.60811804318618,204.9922176171962,73.02354816944913,64.87707283165338,4.585549186932911
79.45568199011409,99.07409968804289,61.78176247551479,205.09629813924715,72.76653286446235,64.7542713538075,4.566639677765135
79.3364015166144,99.41398969832433,60.99115061775406,205.16271057371483,72.48988433052872,64.6253244539333,4.548068633886109
79.19438077253568,99.72830556882896,60.23736413193493,205.19111035264933,72.19456457565404,64.49113770389785,4.52991731981364
79.02978861067596,100.01629467293424,59.52138994145532,205.18117538109814,71.88161275289224,64.35263548024177,4.5122831135973325
78.84286510371993,100.27725832184288,58.84414292177642,205.13264169029486,71.55209264360191,64.21075401906279,4.495277607064293
78.63391361292908,100.51053049821152,58.206472745891205,205.04528399617763,71.20704945347032,64.06643596979669,4.47902384728284
78.4032761239539,100.7155036360123,57.609145903579325,204.91887533782062,70.84748702330641,63.92061485611387,4.4636535848639625
78.15132240255654,100.89169393181052,57.05282391752504,204.75316858680142,70.47438865075554,63.77418762852714,4.449304019929732
77.87846696973322,101.03879433051407,56.5380571735188,204.54790405553962,70.08878488565809,63.62798923206262,4.436113507361687
77.58519231444306,101.1566737041214,56.06528733694498,204.3028303401351,69.69182112238188,63.48279583674571,4.424217294194414
77.27205558377037,101.24533779228534,55.63483866338751,204.01770124755754,69.2847755888108,63.33936212001242,4.413744574830904
76.93968834496324,101.3048905109842,55.24689371877415,203.6922305688116,68.8690290285886,63.19845574028496,4.404817080776886
76.5888076552947,101.33550970603817,54.901463698887504,203.32605532114468,68.4460176759071,63.06086285948597,4.397548679069235
76.2202283324607,101.33743168360486,54.598361937205894,202.91875894347652,68.01719660657446,62.927377461968376,4.392044991436957
75.83485460444278,101.31093744781678,54.33718867319755,202.46994148339087,67.58403027373929,62.79878544679586,4.3884023636983684
75.43365441730654,101.25633296448933,54.117337415287096,201.9792977959254,67.14801236276122,62.67584836737728,4.38670646353434
75.01763308410487,101.17392177841344,53.93802241633036,201.4466848372425,66.71068908441295,62.55929731657625,4.387031012970179
74.58780923597854,101.06398800584587,53.798317531353625,200.87216787452536,66.27365211017968,62.44983086687611,4.389436662183504
74.14519006235645,100.92681059978814,53.69719719215055,200.25602152272842,65.83850187021402,62.34809916918822,4.393969467950442
73.69074829401852,100.76270289225839,53.633565904486225,199.59868002211206,65.40680917412449,62.25467165138237,4.400658548293939
73.22540346764333,100.57204968702315,53.6062730679003,198.90067660818198,64.98008884061291,62.170001857655045,4.4095135293582635
72.75001151838501,100.35531548829593,53.61412794668607,198.16259866341406,64.55977845306634,62.094404634157634,4.420522835998591
72.26537276715425,100.11302136191972,53.65591483054453,197.3850447337423,64.14722102400712,62.028050297540005,4.4336529950133485
71.77226279291557,99.8457198332675,53.73038918095129,196.56860441168308,63.74365959420459,61.970973185022245,4.4488490722976
71.27147316512735,99.55399756097962,53.83625067699715,195.7139297984751,63.35023765803774,61.92309707097429,4.466037676145768
70.76384143841092,99.2385009897758,53.972112202700835,194.82188479795167,62.96798909566061,61.88427265243022,4.48513296970433
70.25026431575515,98.89995639546848,54.136481915909236,193.89364467490375,62.59781938753789,61.85430303750927,4.506042610087416
69.73170133910567,98.53916837861826,54.3277571521582,192.9306788286573,62.240493548001524,61.83294550417008,4.528670823245499
69.20917486983944,98.15700123699585,54.54422407312282,191.93467150996884,61.89663582799672,61.81991557208635,4.552920310531844
68.68378235722192,97.75435121956278,54.78406719530834,190.90742972440714,61.56673657474307,61.81491459353939,4.578695607966471
68.15673262545549,97.33211936364246,55.04539104257335,189.85079785638231,61.25116032290021,61.81765562246883,4.605906623483672
67.6293738577301,96.89119271539475,55.3262426578385,188.76662253213462,60.950151744675516,61.827860742218476,4.634469274682735
67.10318078986217,96.43243028828503,55.624624798251986,187.6567878788127,60.66384418731102,61.84524841059418,4.664302932852501
66.5797201457847,95.9566557227956,55.938501276795535,186.52329219074184,60.392279611773816,61.869542942265745,4.695327065150619
66.06062096376341,95.46466761021092,56.26579876117591,185.3683409635493,60.1354468994184,61.90050905491673,4.727459315708379
65.54754849263304,94.95726134347987,56.604408071872,184.19441853544905,59.89333368777514,61.93798955400338,4.760615341685037
65.04217445221539,94.43525779471153,56.95218841981483,183.0042792611659,59.66596407118198,61.98192680964841,4.794708736054211
64.54614518370397,93.89955553153746,57.30697801294739,181.80085761658523,59.45339588015934,62.032357647044684,4.829649809910386
64.0610544221372,93.35119549513688,57.666613434646024,180.5871495933825,59.25568524415625,62.089381243496405,4.865344285149724
63.58842586147535,92.7913913084093,58.02895375669885,179.36609508797287,59.07284525100608,62.15312742416423,4.901693435040174
63.12969983147479,92.2215105869618,58.391897454514606,178.1404733224354,58.90481559513909,62.223761809339386,4.93859541250629
62.68621235670424,91.64303668222628,58.75338398813601,176.91285159130337,58.75145358859721,62.30152142588517,4.9759459070671
62.259166529543265,91.05753417904573,59.11138654244884,175.6856374461768,58.612553138020154,62.386734781993646,5.0136367604314644
61.84961255769427,90.46662076912796,59.46390734830564,174.46120358457472,58.48788152870165,62.47979967995763,5.051553762312491
61.45845512045409,89.87195079976561,59.80897620224098,173.2419737829069,58.37721954422122,62.581133339218646,5.089576941566973
61.08648582497813,89.27521570859206,60.144648167104734,172.0304199652053,58.280399908961975,62.69111742699657,5.127584253223171
60.734414519478904,88.67814282168916,60.46900138858863,170.82902724243706,58.19733291087738,62.810051583738776,5.1654547294835895
60.40288223322687,88.08247377492683,60.780139445547114,169.6402754040176,58.12800489913289,62.938130627457284,5.20306789256599
60.0924690709486,87.48993269469214,61.07620946862677,168.4666118600175,58.07245051808074,63.075450255412875,5.240301486251035
59.803709780625184,86.90219398294178,61.35544123388918,167.31038769830693,58.0307097647579,63.22202300342845,5.277031132341767
59.53710407641174,86.3208449276525,61.61618764137876,166.1737982189848,58.00278113466886,63.377790597398416,5.313132790362266
59.293119921330884,85.74734993344805,61.8569465941986,165.05887251428248,57.988579767292784,63.54264173737734,5.348486112422858
59.0722091352694,85.18303519441045,62.076366277497634,163.96747491643796,57.98790471068191,63.716445416856956,5.382976168925
58.874826394540094,84.62910597728924,62.27323887082362,162.9012883078483,58.000420302820345,63.89908916223207,5.416492866056737
58.70142259688546,84.08670272533001,62.44648268181856,161.86184935396054,58.025666210367795,64.09049810539109,5.448929437990662
58.5524160392497,83.55698282746772,62.59511941269495,160.8506752053568,58.063098127072806,64.29063112217267,5.480181837280164
58.42817023447901,83.04117588934461,62.71825891258158,159.86937667067352,58.11212606493704,64.4994835899376,5.51015008977599
58.328988668186206,82.54057400928463,62.815095960796654,158.91966363469191,58.17212149990373,64.71711777706957,5.538740958296475
58.25510780717095,82.05648231716859,62.88491228713847,158.00328903271432,58.2424043136423,64.94370526355753,5.565869864380867
58.20667017498483,81.59016875331533,62.927083057043646,157.12200796522777,58.3222312936835,65.17955661801811,5.591460676452513
58.18368511117036,81.14282168588026,62.94109982085125,156.27758159904297,58.41079311112695,65.42513008038296,5.615443485391499
58.1860017014955,80.71552039663604,62.92661059279659,155.4718423258494,58.507220132711765,65.68102952718576,5.637751317003107
58.21330785830539,80.30923168126154,62.883458700238435,154.70678343989906,58.6105989544809,65.94799731742263,5.65831712037156
58.26514957586598,79.92482599106421,62.81170999333718,153.98457892653022,58.719998009486815,66.22688286260878,5.677072799803815
58.340954548681935,79.56309290341274,62.71166834649272,153.30750262590362,58.83449164627784,66.51858569885765,5.693951561608155
58.44004065467291,79.22475444707595,62.583871865460345,152.67779722066368,58.95317091460757,66.82401900555813,5.70889211434122
58.56160448981482,78.9104779479968,62.429069907692785,152.097532697804,59.07513845487612,67.14412991766643,5.721841461598704
58.704714285314225,78.62088027737697,62.24819638900958,151.5684746797576,59.19949175090787,67.47994961450355,5.732755407841726
58.86832415404973,78.35653814218308,62.04235479734773,151.09198682692997,59.32529967058788,67.8326153529012,5.741598400745487
59.05128926507593,78.11802057480712,61.812832570782945,150.66900050867352,59.45157835750511,68.20334601695473,5.748343775984667
59.25236080479924,77.90590967709672,61.56115354748172,150.3001120384046,59.57727552311939,68.59338935709023,5.752974589623305
59.470173083105436,77.72077182375578,61.2891546675754,149.98579810337648,59.70127431773314,69.00395428720142,5.755484906536454
59.70324602356661,77.5630954282162,60.99906076347721,149.7265808910719,59.822421621589825,69.43615059346874,5.755880615316382
59.95000792135722,77.43322830695159,60.69352113444745,149.52300993350775,59.93956528834099,69.89096384059943,5.754178747643307
60.20882447326904,77.33133126228269,60.37558446061479,149.37553129677286,60.05157438913521,70.3692569583967,5.750405578183567
60.47801439765015,77.25735823465938,60.048625583416396,149.2843771533836,60.157340242207546,70.87178634174644,5.744595242727615
60.75584569215181,77.21105721700245,59.716253991299,149.24951828685005,60.2557846456648,71.39925717436665,5.7367909609474
61.04052427106606,77.19196544219466,59.382230674407914,149.27066729547943,60.34588860961417,71.9524086776246,5.727048893220414
61.33018336522468,77.19938519753697,59.05040163971364,149.34736166094623,60.426719281259,72.53206868310762,5.715441490226967
61.622872272609115,77.23235360950181,58.72463066466683,149.4791329781273,60.49743374820622,73.13917958901523,5.7020577767199265
61.916546450165896,77.28962163788063,58.408721354322374,149.66564461102814,60.55726682799232,73.77483954657588,5.687001648740495
62.20906421781768,77.36964930680013,58.10634977247958,149.90669941011197,60.60551733551741,74.44032530480952,5.6703903200904
62.49819196515765,77.47062899283888,57.8210355811461,150.2021602827521,60.6415402282274,75.13706271555687,5.652354253195792
62.78161992617391,77.59054427005303,57.55614905513437,150.5518681073257,60.66474948494523,75.86659811159345,5.633038824294507
63.05698959738975,77.72724198899274,57.31491652408251,150.9555971143965,60.674627225621656,76.63059490638804,5.612605186169161
63.32192437202932,77.87848809965759,57.10039276399091,151.41303451355452,60.670724047624724,77.43079551957959,5.591227459213537
63.5740519577589,78.04201641301455,56.915407361434745,151.9237551663249,60.65264754234218,78.26891896111026,5.569087632533651
63.811016953395416,78.21558518785251,56.76251459779046,152.487193180244,60.62005717455312,79.14653745964266,5.54637151455993
64.03048932627186,78.39701207414221,56.64396541760586,153.10262544651727,60.57267646025638,80.06497523366083,5.5232662780333115
64.23017827757353,78.5841666963189,56.56169773160586,153.76916430257384,60.510306541517345,81.0252475144397,5.499958258314705
64.40786007138645,78.77496158678068,56.51733721977444,154.48573765355775,60.432822455318515,82.02804691264016,5.476631126499375
64.56141354782775,78.96738176554793,56.51221018276994,155.25103791468138,60.34015704348328,83.07375380226608,5.453466426323214
64.68885002968074,79.15953111446524,56.54736826628449,156.06345416127164,60.232293019703086,84.16243163186823,5.430646971674572
64.78833983320686,79.34965313100005,56.6236129096026,156.92103575498268,60.109274379991476,85.29380005367565,5.408359394280126
64.85824140841575,79.53612247300465,56.741503773786135,157.8215341688289,59.97122670119715,86.46720379431491,5.386792149470991
64.89712088613814,79.71743169618709,56.90135212636142,158.7625010882844,59.81836908268055,87.68158728533778,5.366130517594027
64.90374773640067,79.8921884571687,57.103218134093886,159.7413478597869,59.65101258983542,88.93547491595706,5.346552081043612
64.87708006873052,80.05912909354129,57.34691867470008,160.75531599368625,59.469545847511434,90.22695619473156,5.328223483202834
64.81627720146808,80.21714808057796,57.632028137702626,161.80140513858657,59.27441207608316,91.55368141218567,5.311298295990921
64.72075087541631,80.36531935241301,57.95786657362587,162.87631553727306,59.066096949528884,92.91287125613194,5.295916243362037
64.59021165798387,80.50288676256935,58.323504946676245,163.9764167925945,58.84514141529534,94.30133321023146,5.282203012063095
64.42467212496872,80.62923588259162,58.72780984244168,165.09774932942892,58.61216239511353,95.71549243379337,5.270269471174614
64.22441873612892,80.74386341153263,59.16949747706066,166.23610135096774,58.367856973948555,97.15145057021898,5.2602107042879345
63.98997692425233,80.84633954883145,59.64715391182881,167.38716107426563,58.11298792110635,98.60504352082663,5.2521072189213776
63.72208820328909,80.9362633594346,60.159229398354526,168.54664564480683,57.848361450424406,100.07186423449822,5.246029410406049
63.42171619759554,81.01322784156079,60.70404750091554,169.71036471738088,57.57480682378321,101.5472741830515,5.242041900347746
63.09006709956075,81.07680413675416,61.27984213344124,170.87428270116015,57.29316237471262,103.02643725259456,5.240204312666083
62.728585096664965,81.1265372353416,61.88480129204706,172.03458501586653,57.0042646830654,104.50436267857604,5.240569941803427
62.338913076238555,81.16195593823355,62.517100407755954,173.18770181891526,56.70893683446541,105.97593237885681,5.24318516392079
61.922846007730335,81.182608667981,63.17492534264587,174.3303104270211,56.40797910746258,107.43591462480039,5.24808960412202
61.48229777780934,81.18810484783002,63.85648263992868,175.45935726705224,56.102166000958796,108.87898779877393,5.255315568082788
61.01927751157692,81.17812660940511,64.55999110298501,176.57208681727832,55.79224645816808,110.29980748970345,5.264886347206878
60.53586373680714,81.15241412811984,65.28365671347107,177.66605035643968,55.478941957569056,111.69311410774644,5.27681418371571
60.03417060802287,81.1107576785417,66.0256389509899,178.7390873006227,55.16294763661959,113.0538207533506,5.29109881696128
59.5163116645299,81.0530086816273,66.7840186739502,179.78929133655168,54.84494940422028,114.37704013533977,5.307727625039982
58.984378123394414,80.97908570082328,67.5567758648055,180.81498460918928,54.52565120007556,115.6580740119598,5.326677754669434
58.44044100946114,80.88895503836862,68.34178102558786,181.8146962158547,54.20578711841389,116.89239988228327,5.34791849205141
57.88656370712108,80.78260039264521,69.13680714199192,182.78711319698158,53.886108715830815,118.07566221417224,5.371411359666396
57.32480918149771,80.66000619380684,69.93957181180484,183.73099986225827,53.56736266724625,119.20366325186137,5.39710768755167
56.757243176561374,80.52115985998135,70.7477953956356,184.6451273784539,53.25027513239654,120.27236060561852,5.424946344838439
56.185938313668764,80.366064320342,71.5592390720011,185.5282497541634,52.93554308877186,121.27788847418871,5.454855853307314
55.61297834831602,80.19475381361427,72.37171123971888,186.37911510794657,52.62382189757151,122.21659860617126,5.486762081254667
55.0404648114131,80.00730582524648,73.18305992836432,187.19648193047516,52.31570976585405,123.08509535374291,5.520596025268767
54.47052116711789,79.8038378457349,73.9911654838277,187.97912485486913,52.01174799149415,123.88026343863883,5.5562956990542585
53.905275666132226,79.58448675865786,74.79393705440687,188.7258422486868,51.71244535120885,124.599325152641,5.593802766691986
53.34681822535158,79.3493826697428,75.58930878790957,189.43548632464285,51.41830578787115,125.23993293435028,5.633058057957464
52.79715916931127,79.09862816318895,76.37522916512053,190.10699689357662,51.12983634321489,125.80023387786649,5.67399855532924
52.258232319437454,78.83228713938131,77.14964108442965,190.7394033561854,50.84753608989656,126.27886063893797,5.716556048094922
51.731949362425894,78.55038808829431,77.9104547327762,191.33178772689834,50.571880297276,126.67487746008302,5.760655960634223
51.22025156391991,78.25294711981834,78.65552548869266,191.88321600626153,50.303311009386455,126.98771954579037,5.806214999875074
50.725115617381604,77.94000821364241,79.38265517834813,192.39266198211135,50.04224291666707,127.21713618024603,5.8531384354189555
50.248532511269545,77.61169095162444,80.08961538003489,192.85896634300772,49.78909662827536,127.36313955444882,5.901318904427126
49.792484535598376,77.26823245189213,80.77416787781938,193.28083952553936,49.54435393805922,127.42595800837513,5.9506369062364595
49.35891703083096,76.91001272016537,81.43406820332028,193.65686457677322,49.30859475145769,127.40599259508551,6.000961872803335
48.94970399358959,76.53757179994244,82.06707046366452,193.98548452608878,49.08248589044727,127.30377903297213,6.0521528950203125
48.56663430515075,76.15163190766525,82.6709616758654,194.26502890542352,48.866740442511656,127.11995504705352,6.104058224910692
48.21144602174008,75.75311001682498,83.2436219428615,194.4938079768718,48.66207983667391,126.85523344020827,6.156513670989592
47.88588189415654,75.34310065350294,83.78306999702534,194.67021625351072,48.469210148543304,126.5103832604383,6.209341087709428
47.59170601556647,74.92283499933811,84.28747049696317,194.79279208333253,48.2888082555941,126.08621856561035,6.262347398364381
47.33066355351062,74.49363500691388,84.7551223816146,194.86024485322417,48.12151167157891,125.5835928978684,6.3153242315811084
47.10441146538923,74.0568735968294,85.18445088112205,194.87147413783882,47.967912789831885,125.00339863957282,6.368050121565429
46.9144507416089,73.61393799088184,85.57401087252923,194.82558722565054,47.82856171294708,124.34656804882478,6.4202989805280914
46.76207744030629,73.16618915931876,85.9225088577414,194.7219071448871,47.70397374762385,123.61407197435987,6.471854633845036
46.648352519577195,72.71492800823604,86.22883979628948,194.55996126183098,47.594627176010114,122.80691654526639,6.522523406660089
46.574083137774984,72.26139232305071,86.49211889021404,194.33945488693928,47.50094339658686,121.9261414978683,6.572137703843642
46.53982794074766,71.80678470132861,86.71169483415565,194.06023840311943,47.42325956646487,120.97282242131735,6.620553102082785
46.54593963961312,71.35229642799577,86.88714060331388,193.72228840964476,47.361804483303935,119.9480765421998,6.667645189242122
46.5926201041091,70.89910144804112,87.01822412510725,193.3257305981512,47.31667751027937,118.85307139417804,6.713307998154316
46.67995326345436,70.44833264635082,87.1048758889669,192.87088139338422,47.287834011942294,117.68903414972908,6.757452536952818
46.80790829884144,70.00105873019173,87.14717615639819,192.35826147925334,47.27508396014413,116.45725733788959,6.800005004929047
46.976320932369624,69.5582633977163,87.14537937434159,191.78859568007053,47.27809957545485,115.15909994976217,6.840905854280116
47.18486190567739,69.12083221101244,87.0999752360933,191.16282626348746,47.296427246417096,113.795987255345,6.880109817746679
47.43300169680465,68.68955688710847,87.01174513445761,190.48212629603023,47.32950341342909,112.36941571692968,6.917585087298564
47.71997802871853,68.2651520300598,86.8817651927877,189.7479486689043,47.37666473943615,110.88097297881211,6.953309908080347
48.04477273203316,67.84827810691648,86.71136287033438,188.9621538929178,47.43714517359003,109.33237292614653,6.9872669808147645
48.406112658835184,67.43956912745332,86.50207175677602,188.12711504316732,47.510071984408434,107.72548491701603,7.019437663328397
48.802502967585774,67.03964768601647,86.25560114036496,187.24567403458317,47.59447849445175,106.06233965982462,7.049797741132592
49.232272971428145,66.64911085578326,85.97380400210345,186.32098447870172,47.68933995956026,104.34511800557807,7.078315511243242
49.69361392186705,66.2685018867773,85.65863583726954,185.35634883389278,47.7936219658593,102.57613701638275,7.1049519350980415
50.184610412004034,65.89829237848454,85.31211888070871,184.35509755359988,47.906323731983726,100.75784156707425,7.129662218058895
50.703264830180046,65.53887432069222,84.93632397364726,183.32051077237938,48.026515385656666,98.89280527687256,7.152398399215597
51.2475097667451,65.19054659004019,84.53336405618793,182.25578445248138,48.153372579747206,96.98374369114491,7.173112726094015
51.81520956646954,64.85349521940658,84.10538591446853,181.1640344855169,48.28619022253312,95.033538467163,7.19176120635559
52.40415341748454,64.5277877285115,83.654551339556,180.04830622444007,48.424367034282525,93.04525831865605,7.208306021112506
53.01205495055614,64.21339809804925,83.18301206081945,178.91156969952814,48.56739206079215,91.02216146554134,7.222716014866244
53.63657262011967,63.91024597199565,82.69289825772726,177.75670280569315,48.714858251321594,88.96768302637899,7.234966144205801
54.27533153235325,63.618218259570405,82.18633251569698,176.5864679492944,48.86648112541801,86.88542207317668,7.245037571626651
54.92592412976354,63.337172362491046,81.6654547467947,175.40351777102393,49.02209148688371,84.77913820441154,7.25291949778599
55.58590362297818,63.06695198784876,81.13243385130397,174.21045739369103,49.18160520726863,82.65275237228234,7.258612101756536
56.252795044740594,62.8074281138932,80.58945456236796,173.0099149376261,49.34499437331983,80.51033472381744,7.262128832992683
56.92412792610536,62.558535749544276,80.03868728576396,171.80455944711318,49.512276785540514,78.35607442344066,7.263497307133565
57.59747813961822,62.32028053317366,79.48225969463867,170.5970636466455,49.68351569332225,76.19424773126525,7.262758760352898
58.27050217247901,62.09272538381504,78.92223834987185,169.39005078866458,49.858806312410316,74.02920363112376,7.259965780734119
58.940950540305955,61.8759774155758,78.36061421360178,168.18607015734653,50.038245396895036,71.86537026316367,7.255178932175703
59.606659737488684,61.67018119424622,77.79929322459083,166.98761152396276,50.22190363013968,69.70727156875293,7.248463879186508
60.2655338598644,61.47550748894283,77.24009727596862,165.79714458006097,50.4098138305323,67.55954989381044,7.239891536821575
60.91552857625339,61.29212578349836,76.68476298457826,164.6171759136805,50.60196865909725,65.42698917732824,7.229543791530638
61.55464682036731,61.12016970212472,76.13492218624093,163.4502998888565,50.79831614937871,63.31451886561447,7.21752256698303
62.18094619899067,60.959710160691714,75.59207224504287,162.29920916400567,50.9987504777368,61.227189447960434,7.203955339480574
62.79254652391863,60.8107325239953,75.05756329873357,161.16666534581566,51.20310043239173,59.17012976856615,7.188993833967738
63.387628943904694,60.6731087363414,74.53261548756157,160.05545772940414,51.411114667651745,57.14849761320913,7.1728091762840025
63.9644307000017,60.54656814450658,74.01834269269092,158.96837224339643,51.62244361788499,55.16743501961723,7.1555875964970586
64.5212390069218,60.4306753888601,73.51575415118955,157.90818159418978,51.83662495637473,53.232066981478965,7.137527582686494
65.05638193328357,60.324819801044896,73.0257373760578,156.87766019835433,52.05308818925879,51.347614369193735,7.118837029961236
65.56822164662142,60.22822921479473,72.54903934526112,155.87962473912847,52.27118629324579,49.51960045996251,7.099728794001113
66.05515612561031,60.14003180431249,72.0862543115753,154.91697913234208,52.49023380373224,47.75397722496324,7.08041473797524
66.51562184831883,60.059355593925545,71.63781994091735,153.99271275655232,52.70952667814181,46.05706111545876,7.061100138523005
66.9480899695053,59.98540253256504,71.20401477739054,153.10984840786455,52.92834738628674,44.43536578276437,7.0419801084075235
67.35105974369701,59.91745602881179,70.78494995407563,152.2713924599463,53.14596629203874,42.895442470329314,7.023237867547909
67.72305339953505,59.854847386938566,70.38056004842721,151.4803035416451,53.36163597088622,41.443738084987245,7.005043611283415
68.06261127549229,59.796918246917585,69.99060130859712,150.73948313359176,53.57457667328898,40.08645066761823,6.9875533518381605
68.36828746526884,59.742991690159556,69.61466032112182,150.05179750985226,53.78396843318311,38.82939015557695,6.970907496737684
68.63865415635756,59.69235802446774,69.25217367496545,149.42007817071485,53.988978328810006,37.67786313009483,6.9552285723500695
68.87232428997125,59.64428301982878,68.9024576424721,148.84705694469199,54.18883019820806,36.63659110181324,6.940619387682467
69.06798826675605,59.598036672926085,68.56473901972294,148.33527515189172,54.382872251573424,35.7096566441492,6.927165396727653
69.22445089678239,59.55292834816885,68.2381715923931,147.88700293392685,54.57059399938257,34.90045959115453,6.914941812029693
69.34066283049779,59.50833401970485,67.92183973674477,147.50416740811835,54.75159935524104,34.21167396132281,6.904020142791322
69.41574426283829,59.46370583517905,67.61477457409619,147.18829958263913,54.92557277947258,33.64521334499099,6.894469814220796
69.44899420824215,59.41855930553133,67.31599180923477,146.94052492857352,55.092259503812954,33.20221139278987,6.8863564186609745
69.43988688791158,59.37244377393604,67.02452335352817,146.76159875495702,55.25145606473883,32.88301299459897,6.879739686130024
69.388071197753,59.324909637780586,66.73942085662418,146.65196172031602,55.40299787450077,32.68717091234283,6.874671535995644
69.29338338226638,59.27548354961552,66.45974776941503,146.61181699833836,55.546746329665844,32.61345084196413,6.871193693984386
69.15586007363528,59.22365292821491,66.18458644018138,146.6412290548304,55.68258766869036,32.65985857767438,6.869336629924651
68.97573604543561,59.168857198307876,65.91306115344109,146.74018585291245,55.81043668452629,32.82370572355166,6.869122579636725
68.75343042069635,59.1104905803904,65.64435669669317,146.90857530563284,55.93023037105852,33.10171160995133,6.870571716164222
68.48953448126177,59.04791988420966,65.37771774978607,147.1461042840823,56.04191386175225,33.49011548431917,6.873706313011904
68.18481936119903,58.98050603001844,65.1124355783058,147.45224369538184,56.14542858932821,33.98476900362987,6.878549264018164
67.84027870622437,58.90761675775016,64.84783811911717,147.82624545328014,56.2407095235168,34.58118998723662,6.885118563288707
67.45718448642043,58.82863072262123,64.58329288036826,148.2671680872005,56.327693673108755,35.274578386672964,6.893422110472695
67.03711335382027,58.742934779298196,64.31822943101952,148.77384363669626,56.40633140796363,36.05981447819272,6.903456945086005
66.5819343026723,58.64991320985518,64.05217999435652,149.3448081765202,56.476594728803946,36.93146244105349,6.91521442019953
66.09377244447246,58.54893277520642,63.78481449633624,149.97823647500854,56.53848436948819,37.883800033832784,6.9286872920926
65.57495535468935,58.43932901494548,63.51595096202308,150.67191358091168,56.592027672989595,38.91088374364046,6.943872693469471
65.0279496552325,58.32039686372547,63.24554775096729,151.4232927578288,56.63726083368927,40.006624689145845,6.960770334240022
64.45530217577317,58.19139181178002,62.97368474822606,152.2296742827313,56.67420857964137,41.1648352154635,6.97937940757903
63.85959534528422,58.05154568920853,62.70053276746219,153.08846742010172,56.70287243842954,42.379237662485366,6.999696389322432
63.24341974117814,57.90008740070477,62.42631797591439,153.99740949944535,56.723220569239466,43.643455701101956,7.021714284548469
62.60936021826982,57.73625437998683,62.15129365683026,154.9546368995044,56.73517111911957,44.95100453772872,7.04542266541071
61.95999070644489,57.55929305132355,61.8757254668467,155.95860927027022,56.73857364156207,46.29528507483007,7.070806732799162
61.29787879458327,57.36845643748995,61.5998880821418,157.00794548466126,56.733198158919436,47.669584230068864,7.097846549896245
60.625600557468786,57.16300506911288,61.32406576297705,158.1012470810441,56.71873780522012,49.06708297508327,7.126520901024572
59.945754966876834,56.942211420601424,61.04854755604445,159.23698768379012,56.69482694147373,50.48087282341094,7.156815126299672
59.26096214022951,56.70536731096256,60.77361670120341,160.4135026918211,56.66107111755021,51.903981471850805,7.18872555440319
58.57384762061356,56.45179916209291,60.49954591506567,161.62902881998758,56.61707985585544,53.32940581882706,7.222256734905395
57.88702909163524,56.18089440491074,60.2266098695779,162.8817017471458,56.562492774834894,54.750146145569715,7.257414593716947
57.203107107087455,55.89213295834742,59.95511159515803,164.16948432997717,56.49698964609749,56.15923687717326,7.294199495287622
56.52465889553448,55.58512261763629,59.685401721763114,165.49008992298877,56.42028091278227,57.549775493753955,7.332602065871337
55.85424376074799,55.25965366137485,59.41787697592582,166.84096840763758,56.3320900032028,58.914953177778976,7.372603385387429
55.19440854350442,54.915775143205224,59.15297023264897,168.21934280957035,56.23215147214228,60.24808951819808,7.414177532704882
54.547670326117164,54.55385324895464,58.89114543265858,169.6222498052904,56.120254038525076,61.54267048118783,7.457292629532915
53.91647808488069,54.17457286906326,58.632894608771025,171.0465704027549,55.99632633827712,62.792384297796254,7.501908887767469
53.303169317196904,53.77889595114232,58.37872932256573,172.48904070474615,55.860507791192575,63.991151438411215,7.547974391808592
52.7099313451726,53.36801138926882,58.129167240836686,173.94623352561428,55.71316033209705,65.1331511657565,7.595420341786184
52.13877693511193,52.94328809308667,57.88472902997132,175.41453650435426,55.55484305736577,66.21284713127861,7.644157993955275
51.59153916591161,52.50623016758401,57.645952491315725,176.89016289475924,55.38628051579771,67.2250098116637,7.694077743353379
51.06987245387573,52.05844389204139,57.41340259676742,178.3691975725272,55.208326584085064,68.16473373997002,7.745048915841598
50.57525002717019,51.60163748372023,57.187664538203826,179.8476325556708,55.021931443631864,69.02745090441613,7.7969201714115375
50.108967731672436,51.13765298316618,56.96934315206049,181.32136396985157,54.82812534675123,69.80894283191164,7.849521646192156
49.67215670594257,50.66848998375522,56.759082657825395,182.78619647223763,54.628009074707535,70.50535327332301,7.902668231521525
49.26578909894917,50.196294677538766,56.557581152093185,184.2378871342914,54.42273623778756,71.11320193418811,7.956162393046752
48.890666343018346,49.723329337026925,56.365581244104305,185.6721871475368,54.21349684704589,71.62939753495283,8.00979712721629
48.54739542905377,49.25193183940645,56.18385605246,187.08484561539908,54.001514040203645,72.05125203142197,8.063361161344794
48.23637303803576,48.784462195468855,56.01321040360074,188.471592563753,53.78804934589777,72.37650731582113,8.11664576906606
47.957812966065504,48.32324743044277,55.85448404641769,189.82813598536765,53.574412421080694,72.60337781372397,8.169449268417967
47.71182749368346,47.87054161050798,55.70853308960353,191.15018551738936,53.361971307791336,72.73058650721315,8.221576977615603
47.49850563700377,47.428516249570926,55.57618933665575,192.43350088839003,53.152146966538204,72.75737177602069,8.272838819828339
47.31792707234308,46.99928500490892,55.45821827035223,193.67397921679392,52.94638250334006,72.68346916669081,8.32304789893476
47.17012289162029,46.58493204639941,55.35529932511084,194.86777777163041,52.74609843768965,72.50908299372256,8.37202098164563
47.05502713524106,46.187506703705544,55.26803301217717,196.01143954468813,52.5526483103435,72.23485606943088,8.419579313536659
46.97243786582074,45.80898602639599,55.19694741073497,197.1019930255577,52.367278630402005,71.86184153863304,8.46554820822766
46.92198713677447,45.45123306448536,55.1424813325007,198.1369858491891,52.191092606135726,71.39147827783903,8.509756324126425
46.9031177204635,45.11596976313202,55.104963304580494,199.11444653027957,52.02501867266582,70.8255682882322,8.552036328680176
46.91506652551734,44.804761118531836,55.084611434227895,200.03284491630285,51.869785410707784,70.16625382518846,8.592226687355131
46.9568567185155,44.51899495736685,55.08154229520553,200.891113779376,51.72590475460247,69.41599378942053,8.630174340407422
47.027300597202576,44.259859845687586,55.095768568422564,201.68874519522245,51.59366789372872,68.57754118137096,8.6657390020765
47.1250105027483,44.028350034120145,55.12719590574145,202.4259086993014,51.47315629776111,67.65392416232186,8.698797346319926
47.24840945525245,43.82530605856842,55.17564003221822,203.10346593776094,51.3642636171254,66.64843016751333,8.729244306027026
47.39573716573542,43.65145322567328,55.24086190650866,203.72282512521608,51.26672031254498,65.56458837163008,8.756993197676028
47.56505621961502,43.50740919226548,55.32260539832784,204.28571456948174,51.18011362018168,64.40614846699106,8.78197974269886
47.7542635617259,43.39367532391056,55.42063743569913,204.7939789956811,51.10390284268804,63.17706052837693,8.804171070218333
47.961113399012284,43.31063007820029,55.534798341701595,205.2494701313554,51.03743395643527,61.88145917394121,8.823573447213398
48.183264271589465,43.25853115685623,55.665042161003484,205.65404700127243,50.979951108467375,60.52364685538278,8.840232292318058
48.418345460570066,43.23753434472913,55.81143682076628,206.009608582316,50.93060415445445,59.108070866803644,8.85422598451753
48.66401130197889,43.24772529822998,55.97413989429964,206.31808384378914,50.888458379803474,57.63929628266967,8.865659148390986
48.917974023198724,43.28915555274345,56.15339388424726,206.58139699724651,50.85250527992457,56.121979430217664,8.874657496521328
49.178036216230225,43.36187889279562,56.349547682531266,206.80143746730042,50.821671425320446,54.56084336565101,8.88136319675533
49.44212052138188,43.46596770354535,56.56307016028864,206.98001490039672,50.79484168870101,52.96065545467918,8.885930187497907
49.70827412008131,43.60149017426127,56.79453201722413,207.11878821114212,50.77090861431469,51.32620725579141,8.888519246609892
49.97465091110304,43.76846433539828,57.04456298672649,207.2191927253326,50.74881952635,49.66229589651169,8.88929239418639
50.23949497796412,43.96681502958585,57.31379663349408,207.282389236741,50.72758857786291,47.97370559472865,8.888406981580975
50.50114297973205,44.19633995634582,57.60280692513189,207.30925489540803,50.706284136330375,46.265189322466846,8.886010713944362
50.75804664808017,44.456681019056006,57.91204400180315,207.3004261660263,50.684021695346466,44.541451707902965,8.88223847769232
51.008797015953355,44.747305012765985,58.24178530848057,207.25634993848007,50.65997061325649,42.80713379396555,8.877210978628563
51.25212665971871,45.06751034215432,58.59213130363653,207.17729457728373,50.63336102786196,41.06679919303129,8.871034623320865
51.4868887204417,45.41647034522883,58.96306811039046,207.06336727797378,50.60348547929601,39.324920304383255,8.86380175289593
51.71203473749259,45.79328650151364,59.35456224979361,206.9145908665862,50.569711982938664,37.585863926963334,8.855591037567788
51.926604173620156,46.19701067456081,59.76661894227973,206.7309747871199,50.531516575080076,35.85387751010118,8.846468819983365
52.12972308106462,46.62664094636779,60.199289939995644,206.51250242581946,50.48851022228692,34.133077332375834,8.83649135556515
52.32062698279127,47.08112001464312,60.65266053276655,206.25906060881906,50.440433582284776,32.42743761196076,8.825707077193563
52.4987195294784,47.559329978483305,61.12682230697201,205.97036921438885,50.38712360220032,30.740778515424584,8.814160064098521
52.66362354160257,48.06006650481718,61.62183271318979,205.64592930274105,50.32847483211016,29.076753202331282,8.80189632877556
52.81517651602827,48.58200894895318,62.137678288717524,205.28498854391202,50.264419401348526,27.438836489932836,8.788969985210723
52.9533847347951,49.12371089254966,62.6742442976687,204.8865293173659,50.19493297185399,25.83031723494576,8.775444460941335
53.0783744255036,49.68361135575188,63.231283221705404,204.44928808462,50.12004766259127,24.25429433077889,8.761388141599614
53.19035399259434,50.26005974561483,63.808383432687435,203.97181058217006,50.03985778181922,22.71367469331853,8.74686811454281
53.28958222212622,50.85134928466112,64.40493917325702,203.4525485501217,49.95452614834607,21.211171067947166,8.731947616231864
53.376337143266745,51.45573860953093,65.02012562546084,202.8899810981575,49.864291916771734,19.74929884853953,8.716690609869602
53.45088745552202,52.07144583689412,65.65289103012798,202.28270289552415,49.76946883985688,18.33037411806066,8.701169388241619
53.513472666641555,52.696630805966585,66.30196626205078,201.6294438761826,49.67043228192199,16.95651483595214,8.685467187037533
53.56429709166203,53.32939114038123,66.96587536473174,200.92904726479892,49.56760261941652,15.629642767152177,8.669673956979526
53.60353314688786,53.96778239129587,67.64293586595872,200.18043709830167,49.46143120609028,14.351482828259087,8.65388067874699
53.63131962152256,54.60984974469326,68.33125293984557,199.38257749300496,49.35239188105473,13.123560440805228,8.638176240614657
53.64775240587858,55.25364243107317,69.0287200644913,198.5344338078317,49.24097616242621,11.947199720252641,8.622645379483568
53.652885255665396,55.8971994948131,69.7330407200593,197.6349929864195,49.12768499988973,10.823524126781425,8.607365497743286
53.646748260030215,56.538526489204614,70.44176906708107,196.68341443703105,49.01301607838515,9.753459243283555,8.592402760483743
53.629364487137494,57.17558047455518,71.15234182993191,195.679270779131,48.89745487708052,8.737736291159257,8.577808768339164
53.600750918826535,57.806264512911,71.86208210044609,194.62270950931924,48.781473278253465,7.776895376146181,8.563619127473556
53.56091576716552,58.428436937623104,72.56819339953448,193.51443752362192,48.66552948484686,6.871288327730678,8.549854015627535
53.50986468062132,59.0399390243537,73.26777877407109,192.35560406364732,48.55005925866276,6.021081438977398,8.536518758835268
53.44761816400358,59.638623225737334,73.957893350628,191.14770362178606,48.43545523355148,5.226258499258809,8.523603339910624
53.37423999045753,60.22236304318807,74.63559988229864,189.89254127372465,48.32204299338038,4.486624574835526,8.51108187357828
53.28986279357057,60.78904809047458,75.29800245150331,188.5922157627028,48.2100635297294,3.8018122520927844,8.498912894607288
53.19469052122078,61.336578080428275,75.94227387747006,187.24907463202706,48.09966198343771,3.171292781609887,8.487040458569792
53.08897917803433,61.86286358370371,76.56569257561578,185.86566569119933,47.990881006098554,2.594390906166844,8.475395498315594
52.973012319784935,62.36583632332359,77.16566875292887,184.4447249063958,47.8836648906162,2.0702983787145524,8.463896570221095
52.84707944150056,62.84347554254674,77.73974409134254,182.9891923073482,47.77787672167183,1.5980835990567994,8.452450512437967
52.71145724301079,63.293849775284095,78.28558616201666,181.50222997231972,47.6733182220323,1.1766998028168103,8.44095506668925
52.566392645359095,63.71514891895702,78.8009982504752,179.98722369746372,47.56974637341765,0.804995841401652,8.429303610939309
52.41209677720194,64.1057029101243,79.28394033157413,178.44775010396796,47.46688987135973,0.4817299530262039,8.417388831901318
52.248777021515984,64.46404807718412,79.73255586256663,176.88752323017087,47.36446058851885,0.20558191468146747,8.40510317107104
52.07671050278423,64.78906881168022,80.14519827755065,175.3103567177599,47.26215090952715,-0.0248397604514745,8.392337988630002
51.89630720914989,65.08012148979783,80.52044119803418,173.72014090046034,47.15961975648467,-0.21099361454207172,8.378984815380422
51.70812058771164,65.337052413254,80.85707122952348,172.12083262658288,47.05648024843188,-0.35440101474363367,8.364940185545727
51.51282180934125,65.56014196408029,81.15408005969036,170.51647706714314,46.95229683633349,-0.45664147513599607,8.350112220797739
51.311163780259626,65.7500409225532,81.41065881986928,168.91123817279055,46.84658772567904,-0.5193485462798284,8.334424861677384
51.10394029656238,65.90771141168555,81.62618246810122,167.30940094419432,46.738829208732014,-0.5442065500392101,8.317817923633935
50.891945282491726,66.03436217139472,81.80018386874725,165.7153629179645,46.62846790941985,-0.5329475588790749,8.300245219222584
50.67594241307422,66.13138088601006,81.93232779805382,164.13363386520487,46.514944195118794,-0.4873483953988846,8.281673153412353
50.456651207705804,66.2002738927771,82.02238445125526,162.5688119512717,46.397718491562024,-0.40922760392648494,8.26207971854268
50.2347450772578,66.24262690416671,82.07019767347433,161.02551522437614,46.27628826184518,-0.30044154334403,8.241452604406945
50.01085011776815,66.26008994818392,82.07565253478758,159.50832000753098,46.15019406675172,-0.1628787885767626,8.219786069728418
49.7855396907548,66.25436273154607,82.0386483669818,158.02178814236416,46.01902605483763,0.0015462997806924075,8.197077800722285
49.5593274584513,66.22716060863142,81.95907866610523,156.57057455331432,45.88243931340015,0.19089916957311373,8.173326895845097
49.332660953958424,66.18017298108262,81.83681876984458,155.15948099840395,45.74017652426952,0.4032306505130952,8.148532670041165
49.10591833095772,66.11503153923299,81.67172449671753,153.79336397054547,45.592089320563666,0.6365857401684183,8.12269320274023
48.87940904644218,66.03329158463717,81.46364591079079,152.47696242783226,45.43814455202754,0.8890156033210701,8.095803164155816
48.65337076680701,65.9364239910405,81.21245241829584,151.21475459028392,45.27841258586469,1.1585877077869176,8.067852315078573
48.42795749927673,65.82581211077107,80.91805531038659,150.01088535042814,45.113056338411425,1.4433906540178827,8.038826890975619
48.203227090828214,65.70274389047292,80.5804226658454,148.869153571728,44.94233655818934,1.7415361233697386,8.008713455411202
47.979141670091884,65.56839446317666,80.19959557441146,147.79302943483984,44.76662366077441,2.05116200430846,7.977502263782278
47.75558551819657,65.42380502404431,79.77570563903409,146.7856638032562,44.58640210902866,2.3704376838139964,7.945188945785863
47.5323875921628,65.26986742590697,79.30898109017612,145.84987685773822,44.40227119147361,2.6975698286199616,7.91177586327064
47.30933478518319,65.10732157250501,78.79973976177618,144.9881430621825,44.21495406253504,3.030807138433433,7.877273577862771
47.08618069290962,64.93676750802663,78.24838235808924,144.20257389444092,44.02532117586582,3.3684437928651665,7.841701154826876
46.862660346346466,64.75868197472761,77.65539331370942,143.49490323996184,43.834416173387446,3.708822196267949,7.805084419665948
46.63850633148011,64.57342355481474,77.02134180015153,142.8665054117783,43.6434601973538,4.050336199103303,7.767452432608566
46.413453583742445,64.38122500953172,76.34687584735327,142.3184290502487,43.453831090873656,4.3914354737719306,7.728833380760995
46.18723188712697,64.18218641006078,75.63271723221268,141.8513804167622,43.26703117751746,4.730631435795342,7.689251964768506
45.95956189309393,63.97627744570844,74.87967703450398,141.4656404029667,43.08465232112348,5.066505534520834,7.648729950646369
45.73017088869069,63.763343273504105,74.08869701049758,141.16097171185166,42.90835438093162,5.397718501743769,7.607289297500663
45.498821963999276,63.5431096513384,73.26088676823778,140.9365782822289,42.73986606414513,5.723016804991084,7.564955300098917
45.26533136210619,63.31519702013378,72.39752984178949,140.79113086746696,42.5809793826602,6.041235042874703,7.521757381890485
45.02956255945783,63.07914908350299,71.50008706213602,140.722817490813,42.433512848458584,6.3512964328358805,7.477727139291524
44.79140967591492,62.83445982148145,70.57025724262556,140.72936810053207,42.29926175124528,6.6522135829296,7.432895393366015
44.55078422468263,62.58058353084551,69.6100909305995,140.8080460978316,42.17996065510645,6.943089567578225,7.3872902445128
44.30760819733134,62.31693727128035,68.62206482137354,140.9556524115872,42.07726220760164,7.223117418987394,7.340936254007721
44.06181284327557,62.042910274216524,67.60905868858775,141.16858581138217,41.992732354656766,7.4915767900855235,7.293853751451833
43.81334427811699,61.757875140969375,66.57427455107708,141.44292786709465,41.927863913318774,7.747829396911218,7.246057856037796
43.56217360320155,61.461189798507796,65.52114838891195,141.7744886298253,41.88409391542082,7.991316741968882,7.197557152550949
43.308302649106274,61.15220073007423,64.45326591108133,142.15882447745597,41.862801229689495,8.221561039279216,7.148352117259037
43.051771019124956,60.83028337365337,63.374286765250574,142.59127747833506,41.86528338274368,8.43816542895165,7.098434189988734
42.79270313447299,60.494939053777145,62.287890442040606,143.06701806664702,41.89272631340579,8.64081043376683,7.047786754818183
42.531408621366346,60.145901127841675,61.19775042677839,143.58104522163828,41.94616936622748,8.829248841277398,6.996389565501256
42.26847032210704,59.78317814754497,60.107520483834115,144.12815573226592,42.02646510121822,9.003301907096535,6.94422847847303
42.00476249354635,59.40702546324211,59.020811056278475,144.70292224350138,42.13424563058404,9.162856783690325,6.891308928769761
41.74142176356194,59.017891967133664,57.941153312174926,145.2996986874732,42.269907538470534,9.307863991829999,6.837666510306749
41.4798050252848,58.61637557250287,56.87195856112826,145.91266170165434,42.433616656319074,9.43833423951356,6.783369824080925
41.221437125353226,58.20318874486554,55.81647622746512,146.53588435293145,42.62532918188546,9.5543343045018,6.728517061155817
40.9679482054691,57.779125536670215,54.77775319330613,147.16340629621058,42.844817981039725,9.655982173918872,6.673230339959522
40.72100719514291,57.34502992250961,53.75860454832557,147.78927000684325,43.091685106194944,9.74344283332709,6.61765152965314
40.482260282700764,56.90177055632181,52.761618521186605,148.40754057414486,43.365359238050544,9.816927591512663,6.561943122710347
40.253283576051146,56.450221844613175,51.789210988026674,149.01233470212634,43.6650946019661,9.87669814789249,6.506294669985424
40.035551448410565,55.99125007249143,50.8437024611739,149.59784825062025,43.98997239689657,9.923071557773142,6.450929133100453
39.83041545388482,55.52570537009784,49.927365724084375,150.15836413673313,44.33889295937201,9.956420632982836,6.396102916498517
39.63909908413124,55.0544139754076,49.042430579514026,150.68824776322526,44.71056033520149,9.977168918685676,6.342099880072241
39.462716992017924,54.578163972668406,48.19109850423328,151.1819463392685,45.10347405104702,9.985783571229344,6.289223210877159
39.3023033359798,54.09768787275814,47.375621594764574,151.63399698842235,45.51594870631493,9.982768487768407,6.237787688899929
39.15882786702722,53.613648650251,46.59840704699209,152.03904232779928,45.94617498798992,9.968657576974804,6.1881134688453425
39.03320079002761,53.12662971842078,45.862054732727536,152.39185256232807,46.39229991597847,9.944007542435516,6.140521054492065
38.92626947075494,52.63712660653947,45.169326007940676,152.68734843335207,46.852480979388076,9.90939008745017,6.095325967478918
38.8388015286268,52.14553998588972,44.52314594789229,152.92062144158797,47.32489828646047,9.865384296845493,6.052832305569306
38.771457436348356,51.65217299120485,43.926676714819884,153.0869573784426,47.80774445846172,9.812570358254552,6.013326049848325
38.72476081179468,51.157237742517694,43.383359221638514,153.1818625850927,48.29921203068788,9.751525282987703,5.9770700527850495
38.699071267512174,50.66086962162297,42.89684442804757,153.2010818248817,48.797481962093116,9.68282099804278,5.944301988905481
38.69456526778802,50.16313985019622,42.470860411101604,153.14060640342947,49.30070955608521,9.607025477329682,5.915235180839243
38.711227836159665,49.66406178813293,42.109074738622844,152.99668538608364,49.80701174291589,9.524706994572854,5.890062312741634
38.7488498111258,49.16359652549494,41.814963472562674,152.76585411008853,50.31446570673269,9.436439067336037,5.868961173126801
38.80702298696437,48.66166448994567,41.591700814797974,152.44498526643412,50.8211181415076,9.34280287206513,5.85209857166252
38.885132488309175,48.158161397120146,41.442101431364854,152.03135730961355,51.324993254667405,9.24438725148194,5.839629448302742
38.982353087978154,47.652969234442104,41.36861960816906,151.5227222488662,51.82409200535652,9.141787538738749,5.8316932962548425
39.09766043416729,47.1459601736018,41.37335672745557,150.91734104098808,52.31638757114252,9.03560205408221,5.828412931091942
39.22987357585037,46.6370026449772,41.45803151674047,150.21397498288047,52.799830802984275,8.926426739123547,5.829899671765799
39.37773397357441,46.125973543782074,41.62392399329792,149.41186583424405,53.27237075724485,8.814851054228232,5.836263392870954
39.53999186768748,45.61277291548112,41.871833836905715,148.51073198972034,53.73197535157658,8.701456182241765,5.847619324821046
39.71546720958164,45.09734119031072,42.20207175351959,147.51076749898738,54.17664167792677,8.586815808557647,5.864087054353817
39.90308747668518,44.5796769265323,42.614464577176435,146.41263106099794,54.60440899057853,8.47150019142857,5.8857870886482235
40.10190977978801,44.0598460578144,43.108352754014376,145.21743117094698,55.013383574957246,8.356080115878134,5.912840489897253
40.31111732296377,43.537979497583706,43.682593394793145,143.92670264798036,55.40176341187037,8.241126053952192,5.945369387218998
40.529991636545056,43.014265810197315,44.33558891160048,142.54236404572262,55.76785356119736,8.127202997353038,5.983494800439492
40.75787804258054,42.48894763158027,45.06532705321777,141.06666832569397,56.11007515660757,8.01486399802207,6.027333248110294
40.994155375382704,41.96232750434622,45.869417825842056,139.5021738374961,56.426968172006646,7.904644518376765,6.076994991104057
41.23820956968981,41.43479149441578,46.7451601494424,137.8517429768883,56.71719022656698,7.797059162829756,6.132583910317886
41.489408324297266,40.90686761931071,47.689654848368846,136.11854181163054,56.979520384363326,7.692600274709863,6.194197634693505
41.74707714462281,40.37930900387262,48.6998955011688,134.30601451629732,57.212871232828,7.591735645345756,6.261926109268223
42.01047782835462,39.853143857112244,49.7727757623208,132.41783961925105,57.41630566136535,7.494904190729565,6.335846614926998
42.2787891633661,39.32965786677915,50.905048347608414,130.45788767466385,57.589054768749946,7.402510869704832,6.4160162591275665
42.5510900416712,38.81035267865377,52.09329591487458,128.4301873061338,57.730532855049674,7.31492217447928,6.502466749050968
42.82634567755585,38.29695716046386,53.333921810478756,126.33889894098385,57.84034392572492,7.232463546128903,6.595204391537016
43.103397456659984,37.791513538326974,54.62313829183227,124.18829515443308,57.9182785473431,7.155419517743923,6.694211944841978
43.38095720402302,37.29646875340918,55.95694119999898,121.98274501143158,57.96430474414528,7.084034620844948,6.79944709778127
43.65760604138214,36.814708437684175,57.33107888304148,119.72669939977709,57.97855307894905,7.018512356240635,6.91083770780739
43.93179695053732,36.34957583817524,58.741029467831815,117.42467421575951,57.96129601505602,6.959014260277618,7.0282792487658
44.20186025911935,35.90491884811788,60.1819948968295,115.08123186949125,57.912927442361365,6.90566627330224,7.151638068392044
44.466011627731405,35.48510639476672,61.64892576013359,112.70097371613745,57.83394745330473,6.858574092954878,7.2807565190245365
44.72236282388028,35.09497839325842,63.13661256631465,110.28855052690992,57.72495332273674,6.817836255479619,7.415453462940265
44.968936677175066,34.73977870673986,64.63984255084652,107.84866898736396,57.58663763380476,6.783544703722582,7.555520482625607
45.20368659003073,34.42507311129021,66.15354495351146,105.38607063544242,57.41979364506346,6.755776620572754,7.700719291587314
45.42451932090649,34.15660971770413,67.67288506320573,102.90549265865637,57.22532093217911,6.734586327872698,7.85078210607494
45.62932126539865,33.94014339891775,69.19335245384097,100.41163552177386,57.00422113684297,6.720000921740871,8.00541176035536
45.81598792275485,33.78127783759496,70.710845420516,97.90914620820148,56.75758179509191,6.712019059511171,8.164279758316217
45.98245092541808,33.68534363139337,72.2216883908691,95.40260543585092,56.48655791704064,6.710610742662658,8.32702583526578
46.126697516392625,33.65730371526784,73.72256613936537,92.89650590819345,56.19236616957641,6.7157160496294805,8.49326381561126
46.246783963276144,33.701689960187565,75.21042042218339,90.39522273239997,55.8762940817617,6.72724198273707,8.662591732979044
46.34084597650322,33.822607857933825,76.68235002197602,87.902984954048,55.539706337519036,6.745058410562094,8.834598240702729
46.40710962281152,34.02380773615814,78.13553010251606,85.42385403696855,55.184031937780794,6.76899595913127,9.00886184569117
46.44390948337965,34.3087330781267,79.56715763302437,82.96171042789418,54.81073789612285,6.798847743243244,9.184947440966646
46.449713860342264,34.68049026516069,80.97442392886953,80.52024697913826,54.421309111411716,6.834372757526391,9.36240519576932
46.423143854311476,35.14178320056483,82.35450279599172,78.10296811648769,54.01724846019396,6.875297221273198,9.540772236818288
46.36297753907241,35.69484791939631,83.70453717572543,75.71319252837247,53.60009060572383,6.921313326285176,9.719575528407404
46.26814546077089,36.34137965257584,85.02161795879843,73.35405371080664,53.17140879326425,6.972077559856665,9.89833611657148
46.13772594736359,37.082465523050914,86.30276093489667,71.0284944654991,52.73280419303356,7.027210386782381,10.076574843326037
45.970942554277194,37.91856245215569,87.54488992463615,68.73925824288854,52.285882590517225,7.0862976410146,10.25381674286692
45.7671634726627,38.84952812133777,88.74483108516219,66.48888246967407,51.832224353880065,7.1488946944076295,10.429592269839114
45.52590231184711,39.874652770053615,89.89931943124769,64.2796958677717,51.37335375512463,7.214537468209258,10.603438778313732
45.24681893208332,40.992646623584974,91.00501887690302,62.11381876889979,50.910718064136574,7.282760763004595,10.7749059822103
44.92971883330626,42.20160496554443,92.05856404402988,59.99316434698171,50.4456801647973,7.353114398591007,10.943562678996905
44.574550577820915,43.498996358262495,93.05662200986512,57.919439603700354,49.97951479714612,7.425169020245298,11.10899951047641
44.18140220647733,44.88168180363717,93.9959447350153,55.894146385822005,49.513403810591,7.498514715089925,11.270827353560344
29.867546870956193,122.99262946735898,42.05475292233604,102.2314191111496,57.85779750857607,19.715161354553377,5.179497434813554
29.892726395666813,123.3431752066496,43.06458333906539,101.2875903518223,57.959794341765985,18.530447398288157,5.124759415019626
29.9375186435462,123.64667575306363,44.068648480903775,100.27611026080284,58.06036595045597,17.38145107535226,5.070690410850777
30.002611375087373,123.90119835783958,45.063623109263006,99.19889447625357,58.15890169682586,16.269850178882734,5.017528425740232
30.088645797740227,124.10525953458045,46.04615056003532,98.05808981223149,58.254876225629566,15.197149546116345,4.965499885523901
30.19619727947004,124.25778346110869,47.012848840122864,96.85606293761235,58.34782266036772,14.164680997023325,4.914819162331916
30.32576221885386,124.35804696043276,47.96033407114962,95.5953775664455,58.43732080732596,13.173604589096062,4.865686929575787
30.47774873576278,124.40561610214017,48.885263110196824,94.27876050842,58.523004960898454,12.224911705985752,4.818288410145612
30.65246380814406,124.40028700403255,49.78438223643766,92.90907171027011,58.604569791336665,11.31942847765246,4.772793065566932
30.850095792545105,124.34203038844974,50.654565626068845,91.4892928882446,58.68175989433982,10.457818167543973,4.729355745854717
31.070694141288662,124.23094344120898,51.49283602064473,90.02253185252046,58.75435265312862,9.640583330696023,4.688118206264915
31.314147063423455,124.06722152838331,52.29638076859186,88.5120242973209,58.82214553959731,8.868069760406593,4.649209819859434
31.580157808821475,123.85114601486296,53.0625984147877,86.96112525713018,58.88494874692644,8.14047316295589,4.612746950500943
31.868222761255925,123.58306629743788,53.789181461931314,85.37329515049157,58.94257973321086,7.457846705171634,4.578831522188406
32.17761691888345,123.26336656990304,54.474180940316025,83.75208101470879,58.99485496184151,6.820106684984503,4.5475493740829815
32.507393507608754,122.89243411925229,55.11600907528055,82.10109663771864,59.04157843552018,6.227036009531635,4.518968211843032
32.85639906189319,122.47065775460298,55.71339867455574,80.42400992554052,59.08252920270587,5.678287295278136,4.493135687764737
33.22329489568496,121.9984694186455,56.26535311153723,78.72453539024752,59.1174454531159,5.173388433456777,4.470079262892397
33.60657877924114,121.4764034767875,56.77109798130119,77.00642737168117,59.14600645192942,4.711752760544773,4.449808627453928
34.004610281861126,120.90512825609437,57.23003658105455,75.27347459793162,59.16782476264261,4.292691295138523,4.432321129465306
34.415636561782925,120.28543122562428,57.64171243304052,73.52949208935202,59.1824549538269,3.9154216756880187,4.417611871783316
34.83780823224951,119.61817596436244,58.00578327928184,71.77830733415824,59.18940526972694,3.579072317400583,4.405687165171785
35.26918810620896,118.90425954175909,58.32201485109818,70.02374619364572,59.188144957506715,3.2826844552139907,4.396574370722709
35.707769034919,118.1445919472958,58.59029460731498,68.26962585010295,59.17812761547472,3.025214966329772,4.390322906344872
36.151510373075126,117.34010347842266,58.81064532309649,66.5197526575517,59.158842939007165,2.8055415086881523,4.386998401452035
36.59838423372386,116.49176531040482,58.983219658914365,64.77790966215865,59.129866060482556,2.6224698324593785,4.386674590789666
37.04641029021685,115.60060578348646,59.108279738330545,63.04782535065279,59.09087080673958,2.4747422925498976,4.389425525220988
37.49366520742937,114.66772675277537,59.186174243378886,61.33313578878761,59.041622658846194,2.361046606205064,4.395318987911496
37.93827460491535,113.69433678519088,59.21731802322851,59.637353755809514,58.98198455975016,2.2800237942877244,4.404411691339495
38.37840569329256,112.68179289758322,59.20217501874208,57.96384506104937,58.911929757499834,2.2302751258863585,4.416746833595868
38.81226658611947,111.63161583540628,59.141245114462116,56.31580789938347,58.831535412176926,2.2103683383020805,4.432353905231663
39.23810461411287,110.54546675490191,59.035054817350016,54.6962554915478,58.74095577408609,2.2188421452797904,4.451249399963098
39.654199836349285,109.42510765539447,58.884152837650454,53.108003664274044,58.64039925800432,2.2542086625023474,4.473436772422227
40.05886237626678,108.27236372312844,58.689115017990524,51.553662486134634,58.530132327291426,2.3149556504272355,4.498905387947093
40.45044366904479,107.08909374825868,58.4505601673297,50.035628609152035,58.41050294977255,2.3995505340739,4.52762949439518
40.82735781182869,105.87717420337363,58.169167566833124,48.5560743679081,58.281953786633736,2.5064461403036407,4.559567516553923
41.188096708798,104.63850293550081,57.84568422987261,47.116933606153665,58.14502434540978,2.6340861738570682,4.594660966781927
41.53123148125024,103.37503075531284,57.4809206204953,45.71988916251245,58.0003646686801,2.780909088540114,4.632832945811721
41.855412783923725,102.0888102212223,57.07574129144691,44.36636576238304,57.848749650263336,2.945352260809426,4.673986763769592
42.15938198360905,100.7820230103691,56.631055407326315,43.05752804588245,57.691068127937626,3.1258592312459457,4.718004978936115
42.44198460920078,99.45696609051576,56.14780918470719,41.79428383703178,57.52829237664398,3.3208890952138113,4.764749632883015
42.70217277808976,98.1160329993919,55.62698160782048,40.577293869907926,57.361446915333275,3.528924402238705,4.814064296421539
42.93900001804277,96.76176055947103,55.06958514820021,39.40698559819009,57.19158114279988,3.7484754239606746,4.865777040250644
43.15162372962278,95.39695007192822,54.47667091012912,38.283566635725926,57.01974051457143,3.9780818120453367,4.919702775999999
43.3393228470902,94.02475640855576,53.849333040212265,37.20703676742705,56.84693403423616,4.2163155021744165,4.975644114894879
43.50151734779729,92.64865673714002,53.18870833008236,36.17719917517854,56.67410162447389,4.461787984596076,5.033391292789509
43.63777161832006,91.27235058477532,52.49597278229922,35.19366979126315,56.50208486955438,4.71315979836374,5.092723115710064
43.74778771415688,89.89970176152707,51.77233880519628,34.255885412564254,56.33160327741513,4.9691484187614625,5.1534103662522455
43.83140688625128,88.53476344672066,51.019055069612236,33.36311612124327,56.1632389636753,5.2285350850718615,5.215220362283098
43.8886171572425,87.18183252181652,50.23740928224341,32.51448631768394,55.9974317254429,5.490171430890026,5.277920085889822
43.91955012726785,85.84546013020531,49.428731588665336,31.708999586683973,55.834484445213064,5.752982283918261,5.341277286911762
43.92446430321851,84.53039848751972,48.59439536830271,30.945557992771313,55.67457980662778,6.015962411358031,5.405060734605529
43.90372734559775,83.24150673697856,47.73581512329801,30.222973764287165,55.51780633321558,6.27817051468431,5.469040319682218
43.85780359155954,81.98364259685188,46.85444316468013,29.539979950958557,55.36417988851716,6.538723900896868,5.532986905822741
43.787240723904866,80.76155442212482,45.95176529036549,28.895244221152662,55.2136520946359,6.7967943179996615,5.596672259204272
43.69265047494462,79.57978288474861,45.0292953634148,28.287382092717035,55.066123153017365,7.05160533463286,5.659869728934166
43.574686629078236,78.44258554422842,44.088570092598246,27.71496521886203,54.92147324194715,7.302432088563502,5.722355130566879
43.434024817971306,77.35389292254948,43.131145212901956,27.176525570338537,54.779591476961954,7.548603085376892,5.783906975110429
43.27134478673087,76.31728243770965,42.158593207956514,26.67055857367429,54.6403754193865,7.789502663753014,5.844306979395686
43.08731660642614,75.33594375783586,41.172501444759874,26.19552636717751,54.50370411841029,8.02457189889109,5.903341751166756
42.88259725861256,74.4126286924332,40.17446870886756,25.7498606310196,54.369404550061525,8.253306556985642,5.96080432467021
42.65784143298042,73.54960106341964,39.16609934140784,25.33196550233574,54.23722443786229,8.475253458643676,6.0164943317508195
42.413720470328194,72.7486031579902,38.148996810616595,24.940222072705737,54.10681669133815,8.690006931651896,6.070217600767815
42.15093918677477,72.01084949788864,37.12475971809493,24.57299416988861,53.97774374180466,8.89720550693326,6.121786111222086
41.87024262722822,71.33704579812489,36.094981023107074,24.228634205641903,53.8495181846907,9.096528845579511,6.1710185134072715
41.572410897814,70.72741725521479,35.06124768221613,23.905489037106825,53.72167820706552,9.287694478828989,6.2177415082500085
41.258247553617174,70.18174657678297,34.02513800306593,23.601905658417703,53.59385998004478,9.470453619457148,6.261791904845851
40.92856789776499,69.69944042923781,32.98821793486786,23.316236706369697,53.46583788407654,9.6445870837646,6.303018785880124
40.584190632498895,69.27961109227407,31.952039075091687,23.046848201270333,53.337537747090316,9.809903120915726,6.341285581832388
40.22593602353441,68.9211355259697,30.918138330155607,22.792130908841504,53.20902792500302,9.96623668794835,6.376471619635835
39.85463507047475,68.6226964159624,29.888037119094385,22.550511233310853,53.08048634531642,10.113448278680647,6.4084725279040375
39.47114813102107,68.38283045896317,28.863239353497377,22.32045735314985,52.952157063886816,10.251421718587656,6.437199420168048
39.076377869540195,68.19996453673689,27.84522975729482,22.100481780140594,52.82432197245298,10.380061819519252,6.462577355805354
38.67126521758026,68.07242038346632,26.83547569214352,21.88914326108749,52.69729723495608,10.499292763313056,6.484544177319708
38.25677864253029,67.99841742222053,25.83543270484922,21.6850489246195,52.5714352973716,10.609057099271364,6.503050749765731
37.83390891111835,67.97609409670754,24.846547403070137,21.486856589697013,52.44711876557273,10.709314844893242,6.518062195152646
37.40367270040344,68.00352400736664,23.870252486424018,21.29327702585747,52.324756232097,10.80004267761634,6.529558551586588
36.9671429179012,68.07870705971494,22.907956625704912,21.10307585565998,52.20478215556562,10.881233070792215,6.537534396893905
36.52551382929457,68.19955147500166,21.961033792624004,20.915075391073966,52.08764903677206,10.952893390753776,6.5419985683564015
36.08015533005441,68.3638714267185,21.030814329226597,20.728157316179118,51.973808129956154,11.015046052437599,6.5429744938857555
35.63261029504703,68.56940331870375,20.118579062874886,20.541266534649402,51.86368261571897,11.067730203028889,6.540500731025859
35.18454851527097,68.81383523634723,19.22555586092026,20.353415602584167,51.75764567441951,11.111004203690221,6.53463137936666
34.737711947387304,69.09484741224202,18.352916061661883,20.16368925614363,51.65602396819642,11.144948972248203,6.525435553261312
34.29386615747264,69.41014437961431,17.50176896831544,19.971250789794162,51.55912426286729,11.169672623687052,6.512995268266249
33.85475935074936,69.7574539561704,16.673154864117826,19.775353975009285,51.46725098155364,11.185314569553338,6.497402462175553
33.42208718902482,70.13450558727308,15.868038583182326,19.575358947128354,51.38069789109117,11.192045414144514,6.478756163382393
32.99746294683633,70.53902519703395,15.087305432312373,19.370743781540952,51.29972789352751,11.190061899313992,6.457160227068353
32.58239515040828,70.96875058501755,14.331759540057188,19.161107094099773,51.22455784118928,11.179581659412024,6.432722109632858
32.17827461259665,71.42143874290397,13.602122761386884,18.9461634271122,51.155361837715944,11.160844521848624,6.405553318186561
31.786368484030216,71.89485675893403,12.899032198967634,18.72573515448466,51.092293117287916,11.134122209400301,6.37577175294167
31.40781466128131,72.38676930813293,12.223036955194502,18.499748756712236,51.03549742120567,11.099729809430867,6.343505270926635
31.043615724157576,72.89492190932923,11.574595990448755,18.268242198168082,50.98510119155242,11.0580308423677,6.308894543017256
30.694643791501857,73.41701531923464,10.954077115236387,18.031375287972086,50.941192297090204,11.009435327166987,6.272092963305575
30.36166268402956,73.95068087713923,10.361756175761936,17.78942780259625,50.90380817592212,10.954394403589237,6.233263729668996
30.045351837595085,74.49346292901976,9.797816614115924,17.54278548297534,50.87292799382423,10.893392452297286,6.19257749444929
29.746312721575116,75.04280822237477,9.262350225206848,17.29192749107376,50.84846706437244,10.826937126968229,6.150213215183588
29.465057393060434,75.59607777374582,8.755359492052825,17.037420845504396,50.8302751805776,10.755549713968742,6.1063598259640015
29.20198964613288,76.15058897775876,8.276761512875055,16.779914577028496,50.81813959687465,10.679757929845831,6.061214605209212
28.9573865033475,76.70365405365824,7.826393366205714,16.520128500078897,50.81179453298071,10.60009108245719,6.014978319018716
28.731383819677664,77.2525888139563,7.404017948108109,16.25883957935807,50.810937788419054,10.517075602679082,5.967850786897299
28.523966857945947,77.79472302442441,7.009328940378437,15.996868242775854,50.81525047182808,10.431229318393207,5.920029572102082
28.33496456929478,78.3274422975223,6.641955046847771,15.735063460474247,50.824408251615026,10.343055336575137,5.871711375084223
28.164046085713018,78.84823756060858,6.301464974662993,15.474286611395383,50.83807440343874,10.253037607503568,5.823093705413025
28.010719260276947,79.3547351811089,5.987373943565437,15.215396088416245,50.85588032052466,10.161639567729992,5.774374981940649
27.874332446439528,79.84471343375175,5.699150841209308,14.95923396675755,50.87740553361126,10.069306541684231,5.725752932914288
27.754080706069754,80.3161096315895,5.436224204948268,14.70661444093726,50.90216480393444,9.976470491632147,5.6774220358054315
27.649015848609988,80.76701321260792,5.19798623881779,14.458313500643614,50.929610109829845,9.883552804905436,5.629571162079163
27.558058116149205,81.19564606931374,4.983795877237575,14.215060350900398,50.95915039156667,9.790962039166997,5.582382647388133
27.48000864241409,81.60033263884841,4.792981736668574,13.977531103739041,50.99017426917372,9.699087996508567,5.536032269786912
27.41356344102819,81.97946513677384,4.624844694969232,13.746344327304971,51.02206034281103,9.608295077923144,5.490688885496866
27.357328148376084,82.33147332466005,4.478660162430932,13.522057817234183,51.05418411409885,9.5189161299126,5.446515685922089
27.309831510566365,82.65480223006944,4.353680913475939,13.305166461710561,51.085935724186065,9.431247094480137,5.403676000868685
27.269537339507476,82.94789507696346,4.24914090573239,13.096101350881643,51.116741606157724,9.345543656655186,5.3623408029989506
27.234856220825638,83.20917979212797,4.16425892534136,12.895229693160019,51.14607742121761,9.262021239088064,5.322691357038652
27.20415828600039,83.43705973646082,4.098240434768838,12.702854628096542,51.173470233868166,9.180858303206373,5.2849152667751484
27.17578835977134,83.62990858565745,4.0502776832864855,12.519215009670763,51.1984915608865,9.10220110241113,5.2491996252636115
27.148084630371667,83.78606814941972,4.01954951518005,12.344485900325974,51.22074266435514,9.026167396365292,5.215724757853618
27.119399936505467,83.90384971721197,4.005222053675207,12.17877955708627,51.23983606965517,8.952848462916382,5.184659913303972
27.088121071807077,83.98154503170358,4.006450259137735,12.022146317990725,51.255381653122555,8.88231092591759,5.156160625451491
27.052681285286106,84.01745601440368,4.022378990701772,11.874575586135846,51.26698674844371,8.81459977545072,5.130366544834726
27.01156648262017,84.00994016672945,4.052142461751363,11.735997342801076,51.27427448039038,8.749742190904907,5.107399567111123
26.963319300333094,83.95745080059011,4.094863109459101,11.606284668459102,51.276914747471835,8.687750612970055,5.087362655710373
26.906543677878425,83.85855608139182,4.14965194201656,11.485258455869372,51.27465356249452,8.62862421333948,5.070338589877817
26.83991056527749,83.7119409535198,4.215611209574078,11.372694697634067,51.26733151932009,8.572349042836723,5.0563880143342725
26.762164310487645,83.51640423454204,4.29183855663981,11.268332036245681,51.254897828847106,8.518897652720614,5.04554765066179
26.672128385571362,83.27086058427781,4.377431126164215,11.171877272719486,51.23742835385241,8.468229389589412,5.037830049016516
26.568710037204283,82.97435260270214,4.471489446759289,11.083009422272033,51.215137235536275,8.420291654826556,5.03322516651807
26.450904617474375,82.62607064589665,4.573123401661839,11.001383226470624,51.188362213315564,8.375021535679762,5.031702348125123
26.317799668376466,82.22537186427842,4.68146116364539,10.926631247214086,51.157523045751034,8.332348804750632,5.033211133307349
26.168578139817946,81.77179219318124,4.795657016912874,10.85836412416121,51.123070402200256,8.29220066745066,5.037680976568794
26.002521055629575,81.26505481217893,4.914894207228548,10.796170177159988,51.08543840903825,8.254504605676209,5.045021192601121
25.819010834801784,80.70509057460531,5.038383953216607,10.73961709077114,51.04500685930304,8.219186369298358,5.055121786602548
25.617535015463208,80.09207874704958,5.16536283138494,10.688260582575484,51.0020811064528,8.186165671887306,5.0678546100718656
25.397688400572246,79.42648926712924,5.295089154267403,10.641660806901076,50.956898598846266,8.15535415940816,5.0830745144282545
25.159173383940903,78.70910162424754,5.42683927511883,10.599397204953432,50.90965872618948,8.12665704078799,5.100620776044316
24.90180072369011,77.94099383498983,5.559905127494701,10.561073420636422,50.86055372547001,8.099975791901233,5.120318739575694
24.625491516775853,77.12351188341772,5.693593370969314,10.526315225834278,50.8097766156787,8.075208580625132,5.141981901867085
24.330278389438746,76.25824159069532,5.82722560576473,10.494768451489858,50.757503064287114,8.052247613211831,5.165414878824227
24.016304291637354,75.34699607566074,5.960139198253163,10.466100063694842,50.703862609529146,8.030975109167153,5.190416514799123
23.6838188379042,74.39180680095227,6.0916890081269734,10.440001639530644,50.64891908867318,8.011260139594464,5.2167821186424055
23.33317313862018,73.39490468830891,6.221250236024771,10.416192285690574,50.592679575664874,7.9929575999775055,5.24430482313885
22.964814461696268,72.35869453888417,6.348221328294268,10.39441913421854,50.535136363917374,7.9759090997488755,5.27277607977486
22.57928073986302,71.28572756928662,6.472025660441889,10.374455829984777,50.476319472234756,7.959944744049573,5.301985043294299
22.17719426382655,70.17867144394758,6.592112329028967,10.35609938534445,50.416329000282374,7.944885630769725,5.331717614102606
21.759255664518257,69.0402783174157,6.707957283017033,10.339166146612143,50.355333456537416,7.9305485272631975,5.361756449508436
21.326239758769905,67.8733525896246,6.819065114222914,10.323488988553022,50.2935450036071,7.916753065235496,5.391881913659745
20.878992750684464,66.68072088325405,6.924970670276115,10.308916496677757,50.23119737083932,7.903328157682905,5.4218729764752585
20.418428860451105,65.46520763404052,7.025239672561672,10.29531228569507,50.16853848917739,7.890114954912365,5.45150779549013
19.945524952887567,64.22961803703977,7.119468365077804,10.282552805648782,50.10582861451599,7.8769677279778,5.480564445475442
19.46131298671637,62.97672897877691,7.207283044314501,10.270523538025186,50.04334293814672,7.863753983819185,5.508822442506502
18.96687113050102,61.709288739619346,7.288340706830736,10.25911380593288,49.9813894204658,7.850352995060959,5.5360655741658675
18.4633145373547,60.43002229268602,7.362331395597278,10.248211224106925,49.920333529652275,7.836652784409692,5.562085614556831
17.95178619594758,59.14163314030495,7.428981331311011,10.237698127338726,49.86060670213251,7.8225467100099975,5.58668574795199
17.43344820521144,57.84679476131033,7.488055116608446,10.227451312775274,49.80268922783344,7.807930192114336,5.609683419081069
16.909474027175847,56.54813325123292,7.53935657630198,10.217343961080628,49.74707425802284,7.792697887791766,5.63091319864146
16.38104188916395,55.248206820531884,7.5827292526705845,10.2072474156315,49.69422527858524,7.776741829818246,5.650228922198448
15.849329325106686,53.94948698966069,7.618056579395776,10.197031197425167,49.6445390468646,7.75995052975902,5.6675032892044
15.315508832131428,52.65434623344064,7.645260945369746,10.186561723374233,49.59831885582562,7.742208623055381,5.682624976944421
14.780744065526957,51.3650576113311,7.664302106919629,10.175701623438991,49.55575476864049,7.723396837804989,5.695495933099681
14.246185689259757,50.08380960429593,7.675175469921216,10.16431051679592,49.51690730876897,7.703392374209731,5.706031696414152
13.712966848816821,48.812728887282596,7.67790972271889,10.152246568577567,49.48169711216096,7.682070164047765,5.714164443531077
13.182199604303296,47.55389478587195,7.672563950553797,10.139368799183513,49.44990344416985,7.659306593974696,5.719845214167821
12.654973402091242,46.309338245471665,7.6592251613921345,10.125541866458885,49.42116797789122,7.634988289505201,5.723042972588207
12.132354670405345,45.0810309757867,7.638006705288174,10.11064372680449,49.39499985321814,7.609024728725567,5.723741493892645
11.615385825390515,43.870869447060294,7.6090479650200455,10.09457292665024,49.37078754234285,7.581357100848177,5.721936142004862
11.105082842790646,42.68065807300587,7.572515331598964,10.077252465182022,49.34782947825312,7.551958224517068,5.717631824980323
10.602431411504096,41.51210124373038,7.528603502705208,10.058630224868308,49.32538065272082,7.5208268988690365,5.7108418039162965
10.108382660114847,40.36680829129671,7.4775372576969605,10.038676568942295,49.30268793468909,7.487982658366909,5.701585994164163
9.623850090351983,39.246304196950284,7.419575581693878,10.017380053809651,49.27899569388735,7.453463230000229,5.689888606178448
9.149708221210464,38.15204032925227,7.355017587719783,9.994744639397458,49.25353727930106,7.417322867583323,5.675776910483765
8.686791296288856,37.085403519839694,7.284205956708214,9.970790862566814,49.225533156932265,7.379629382326579,5.65928269905187
8.23589003477255,36.047716838727965,7.207524983011957,9.945557768605438,49.19419537845077,7.340461093778113,5.640445374677357
7.797746713119546,35.04022707447776,7.125394330047568,9.91910134486407,49.15873055087169,7.299906869618391,5.619313868558119
7.373050472944248,34.06408484484251,7.038260698255677,9.891491326050764,49.11834685214839,7.258070159182546,5.595946473425218
6.9624337280689375,33.120327880876125,6.946588977291794,9.86281063572645,49.07228469364226,7.2150742981318015,5.570410456297978
6.566469286511912,32.20987307550502,6.850854453878615,9.833156836045596,49.0198730264206,7.1710652087258016,5.542782975880208
6.18566786631753,31.33351548817694,6.751537346362879,9.802641786638988,48.96057368458836,7.126210270984647,5.513152764489376
5.820476823837173,30.491929597142537,6.649119719171275,9.771388204065472,48.89398378198079,7.0806964948945605,5.481621305472493
5.471281556289355,29.68566932598293,6.544083291782659,9.73952482014609,48.81981764852065,7.034730832146631,5.448302477753771
5.138409370466866,28.91516525518855,6.436906510040753,9.70718142011141,48.73790259982258,6.9885400314477115,5.4133205325827705
4.822133706351849,28.180721976542333,6.328061865012265,9.674483460083474,48.648186769925,6.9423668438685535,5.3768076776288805
4.522677254520134,27.482520174771054,6.218016020985404,9.64154670914711,48.55073432377,6.8964642371399,5.33890258894792
4.240214011648258,26.820621140035357,6.107232084989083,9.60847323257848,48.44570951955526,6.8510900971142705,5.299750236142648
3.974870329204237,26.19496854557113,5.996170454168154,9.575348823954643,48.333389740667236,6.806502134646657,5.259502905132834
3.7267251546552314,25.60538820012361,5.885286981643376,9.542241816004834,48.21422169001187,6.7629524991440535,5.218321894912513
3.4958115388656705,25.051588291209946,5.775030596309557,9.509203866699089,48.088865703415216,6.720682785886043,5.176379581690112
3.282121349773913,24.533158920592935,5.665842537537467,9.47627208866611,47.95817828062563,6.6799195905411315,5.133861590597247
3.085611195217011,24.049570649520312,5.558156774333394,9.443471032865718,47.82315455020615,6.640870325647019,5.090967504500585
2.906206138988519,23.600176314532373,5.45239934109025,9.410813989055129,47.684876238475404,6.603719878943005,5.047908988696708
2.7438013020252368,23.18421791105486,5.348985571746055,9.37830358188433,47.544476703380894,6.568628711414906,5.004906765447473
2.598263491604469,22.800834098008217,5.248316472811417,9.345932063903492,47.4031086461173,6.535732047907169,4.96218790275587
2.46943311747668,22.449066845878125,5.150775808757973,9.313682991856755,47.26190653622302,6.5051395884924155,4.919982714551608
2.3571249761853537,22.12787104298416,5.0567280918608715,9.281535094421361,47.121949704657894,6.476936619247664,4.878520573657182
2.2611270374917565,21.836126865067715,4.966516266340717,9.249465699041858,46.98423099467187,6.451189379083215,4.83802558037887
2.1811975124676644,21.572650494178653,4.880458378815905,9.217450897468483,46.849630702831824,6.427954630555906,4.798712728274833
2.117061279339638,21.336200824787156,4.7988443042847235,9.185463590884899,46.71889634159326,6.407287350998498,4.760784274141444
2.0684071038631506,21.12548395243354,4.721933539109454,9.153472551652309,46.592629662256314,6.389242146559978,4.724427156602974
2.0348866818913347,20.93916100837338,4.649953517305003,9.121444502936138,46.47127997142323,6.37387046165901,4.689812407393132
2.016115771378406,20.775861512940125,4.583097864794836,9.089349438978443,46.35513987458629,6.361216572377675,4.657095396159142
2.011676647354994,20.63419524686369,4.521525201082245,9.05716646098575,46.24434350742999,6.351313611224922,4.626416083440054
2.021121229566867,20.512756131651482,4.465359113807616,9.024885723455395,46.13887322266413,6.344180645529515,4.597900367781351
2.0439766387862335,20.41012107014677,4.414689120124214,8.992505535507224,46.03857998927923,6.339821357755104,4.571662986276124
2.0797537539048845,20.324849227233518,4.369572580858919,8.96002798824554,45.94322355812341,6.338223800956458,4.547811094291943
2.127954301833713,20.255482427847234,4.330037792295632,8.927455890307968,45.85252935581697,6.339359969047314,4.526447253589424
2.1880733951922684,20.200545582231154,4.296087332826706,8.894790419548876,45.76623314357688,6.343184834712368,4.507670258027457
2.2595999527621924,20.15854814468921,4.267700092278333,8.86202805018718,45.68408848985893,6.349636071850331,4.491573230099708
2.342017569527293,20.127988355860264,4.2448327536462465,8.829157761972066,45.605850924197036,6.358635173568628,4.478240472248739
2.434805892367254,20.107359883787275,4.227423394563595,8.796160839715593,45.5312637907047,6.370089302162757,4.467744580921924
2.5374414544259754,20.095158199795524,4.215396636754634,8.763013341094293,45.460048067323825,6.383893044326666,4.460143428814558
2.649396987981237,20.089884920278593,4.208666595795297,8.72968935076803,45.39189333951901,6.399929397367245,4.455476293758305
2.770140204301276,20.090051004645,4.207136775525537,8.696164685352024,45.32648064615791,6.418070938347326,4.4537599194280055
2.899134753433548,20.094180636518505,4.210699106907411,8.662422387072407,45.2635865607552,6.438185602780163,4.454985967204219
3.035844184386143,20.100817263014005,4.219233266851591,8.628459164188055,45.203243723447805,6.46014842986959,4.459120893434524
3.1797359982118105,20.108531732041087,4.232606387932367,8.594289359541074,45.14584774262451,6.483851463471922,4.466108647354777
3.3302826035995525,20.115929860192693,4.250673243417525,8.559944373876368,45.092158016583255,6.509205321575016,4.4758752411033305
3.4869596042648463,20.12165712077247,4.2732769683573375,8.525468505634171,45.04324211843714,6.536136627175109,4.488332890953805
3.649244119662552,20.124401454972176,4.300250762417707,8.490913684938567,45.00040437554205,6.564587505714256,4.5033825327415755
3.816615209761538,20.122896408057684,4.331420377677047,8.45633487848646,44.96510427487783,6.594516626263052,4.520916197902715
3.9885569726777796,20.115925564913084,4.366605725628241,8.421785983965732,44.93889621806414,6.625897676062321,4.540820734001996
4.164562562297328,20.102328102979094,4.405620394059552,8.387315385120182,44.92344214308889,6.658713721336423,4.562981616365876
4.3441360504567665,20.08100420350569,4.448270155861424,8.352961585131993,44.92058885415135,6.692950332431465,4.587284604315213
4.526791555742857,20.050919829790004,4.494352591132202,8.318749939703153,44.932421610766326,6.7285916110641,4.613614799485461
4.712052601100384,20.011113723504828,4.543658451721873,8.284691578244841,44.96124097217283,6.765619876709348,4.641854282064731
4.899453572586802,19.96070875975477,4.595973489647141,8.2507868521214,45.00951470129458,6.804016180715377,4.6718797190698
5.088540978001722,19.89892322291918,4.651079831368536,8.217034321039517,45.07986860760685,6.843759863596464,4.703561221118026
5.278872223683522,19.825076201894746,4.708757509195198,8.18344166159478,45.175120788566005,6.884828559236072,4.736763468328975
5.470012665203708,19.73858869276701,4.7687862383134965,8.15003374054795,45.29833690093169,6.927199377412249,4.771348813492823
5.66153198925261,19.638985431177982,4.83094615209168,8.116855771655779,45.45287056545183,6.97084899686667,4.807180596602576
5.853000535177043,19.52589760837904,4.895017410753474,8.083971972410106,45.6423466950944,7.015751379462492,4.844125357648596
6.043987005577062,19.399064272525628,4.960781071146144,8.051461631222454,45.8706073921815,7.061875347040992,4.882053976303409
6.234058185191166,19.258333074987185,5.028022194935047,8.019413923974241,46.141673439629585,7.109184126220946,4.920841915267322
6.422779378439875,19.103661853699247,5.0965320240480825,7.987922059136891,46.45969633160982,7.15763583748653,4.960368592058852
6.609714906246672,18.93512062524644,5.166106650119261,7.957078325245895,46.82885733881316,7.207183263900054,5.0005161865691905
6.79442934086963,18.752891591532876,5.236544203146085,7.926971720095596,47.25325591080341,7.257773584670017,5.041168011368263
6.97648920619535,18.55726402033456,5.30764427194973,7.897688675956727,47.73684025158858,7.309349987248995,5.082206828860453
7.155464369720833,18.34862356062733,5.379210380855547,7.869315619620743,48.28336498324052,7.361855330532138,5.123514649676084
7.330929446405451,18.127439531959265,5.451052483185999,7.841940001322384,48.896343527657365,7.415235252111386,5.164974831854236
7.502465203357883,17.894254340755086,5.522986582249409,7.815648019780746,49.57899195671454,7.469438057462577,5.206475481565112
7.669658736872092,17.64967675793808,5.594832287195266,7.790521177849377,50.33416811264952,7.524411983819447,5.24791425978541
7.832101982851129,17.39437770061589,5.666411979994825,7.766633435686197,51.16429884822538,7.58010213242153,5.289205325541879
7.98938999376849,17.129085065760542,5.73755551238669,7.74404836589415,52.0712994749709,7.63644773241462,5.330285310738843
8.14112164662192,16.85457522491303,5.808109735511988,7.722816234253046,53.05650917291267,7.693379192371198,5.371113908200781
8.286906129327445,16.571662408825215,5.87794556310976,7.702971625564369,54.12065789816513,7.75081490913727,5.41166962353269
8.426376200876895,16.281189062595903,5.946956918777262,7.68453130160685,55.263866402846254,7.808658494548091,5.451944479637783
8.55920321507896,15.984018864291787,6.015054141975485,7.6674923054507,56.48567348031851,7.86679681997028,5.491939707218149
8.685106521404325,15.681032122440392,6.082157038150274,7.651830998964518,57.78506537585648,7.925098245941059,5.5316625783572295
8.80385468840535,15.373122198086941,6.148189517435605,7.637502767084277,59.16048213077338,7.983411602842346,5.57112381730832
8.915261346677358,15.061191695107246,6.21307576176338,7.624442566656819,60.609807367886205,8.041569620886198,5.610334713058224
9.019179657953536,14.746148077607186,6.276737577305837,7.612568073958686,62.13036909031809,8.099398390173329,5.649304039951289
9.115498032486379,14.428898585666337,6.339093175320895,7.601786677058734,63.71896542773547,8.156727389967587,5.688036098138991
9.204137591116144,14.11034409137671,6.400058908775657,7.59200508754282,65.3718979609153,8.213393850308904,5.726531197003199
9.285050664303887,13.791372305298259,6.459553937707179,7.583137265484237,67.08498869366277,8.269241732298726,5.76478839859564
9.358219867540402,13.472851499207934,6.517504088927506,7.575107030005521,68.85358134069259,8.324119042476793,5.802808433175928
9.423657366576053,13.15562501764321,6.5738418729043575,7.567846683590203,70.67254348349162,8.3778758695057,5.84059534733147
9.481404013122383,12.84050584554146,6.628504038203167,7.561294701994456,72.53628405501087,8.430364539738335,5.878157354992328
9.53152890444664,12.528271316509523,6.681429325744544,7.555393240016847,74.43879037278451,8.48144191005459,5.915506882403197
9.574129809942164,12.219659523661882,6.732557105456091,7.550085394707259,76.37367655904313,8.530972553599824,5.95265873146911
9.60933413201698,11.915369629137082,6.781826490547154,7.5453132684896875,78.33423739675266,8.578834915662014,5.989626331861603
9.637300117666955,11.616066441067105,6.82917572686463,7.54101902393233,80.31350519767963,8.624933697355704,6.026417855938961
9.658217675884716,11.322386635395969,6.874541687858829,7.537151610532673,82.30429894243473,8.669213689504993,6.063034869145759
9.67230800870921,11.03494525839807,6.917859200317579,7.533678533383303,84.29925905916326,8.711665701438555,6.099474975941762
9.67982183582801,10.754343008734649,6.959060521904503,7.530595548209861,86.29087511405974,8.75232236342266,6.135736194141551
9.681035788445106,10.481171165235535,6.998076042458348,7.527927554750464,88.27151936082275,8.791248537132244,6.171819006176368
9.676246932721927,10.21601028696501,7.034837196253453,7.5257218516126265,90.23349509284458,8.828530575033557,6.207724986321256
9.665766647293209,9.959425187780058,7.069281806091243,7.524038635964065,92.16909108469488,8.864266161792708,6.24345346970404
9.649915007064283,9.711960465800948,7.101360094483786,7.522942386801206,94.07062321010739,8.898555746238884,6.2789973631832945
9.629015933310333,9.474135610003302,7.1310380079266285,7.522496959071046,95.93046112213544,8.931496096802642,6.314339151644549
9.60339317805319,9.246437817271664,7.158296650379334,7.522764603944482,97.74105340155089,8.963175572173544,6.349448502157775
9.573367322652684,9.029315783947045,7.18312989138305,7.523805096301298,99.49495791981269,8.993670477944693,6.384281772718651
9.539253380982233,8.823180238517745,7.2055424106991355,7.525671852360646,101.18487237393096,9.023042116039672,6.4187825598758925
9.501358123335958,8.628411468878966,7.2255490716129165,7.52840647776091,102.80366016453546,9.051334062135192,6.452882424696205
9.459977084695614,8.445365390864803,7.243176056377351,7.532034715731408,104.3443746330616,9.078569562177014,6.486501226752471
9.415391913668602,8.274370739377293,7.258463542440535,7.536564574430378,105.80028669035256,9.104749772775875,6.519547149410421
9.367868459487955,8.115719884112254,7.271467677273217,7.541986014584015,107.1649172752897,9.129853695228167,6.551917573175822
9.317655639925519,7.969659769296578,7.282259355293408,7.548272071327864,108.43207609379672,9.153840196256837,6.583501319215869
9.26498484207983,7.8363854486385875,7.290920525031579,7.5553814162060755,109.59590630348758,9.176651585077135,6.614180767569256
9.21007018656142,7.7160353523870295,7.2975413756658405,7.563262471201623,110.65092644784345,9.198217064560815,6.643832765361898
9.153110450729814,7.608687287909265,7.3022213931994315,7.571859269143315,111.59206267012219,9.218455088860217,6.672329491170197
9.094291915176385,7.514354488136418,7.305074218503877,7.581116609761979,112.41467714912609,9.237275073600504,6.699540091883729
9.03379043084843,7.432981696167892,7.3062317108957355,7.590980894641164,113.11460060388026,9.254578291610455,6.725331983292171
8.97177281826245,7.364443042634816,7.305842528312181,7.601397962467379,113.68816769952467,9.270257426101185,6.749571049811132
8.908399189160402,7.308543392980213,7.304065964034409,7.612312442963248,114.1322476587497,9.284195458338475,6.772121357350558
8.843825980477659,7.265021765401285,7.301064848654772,7.623669447762385,114.44426071807045,9.296265268097008,6.792845025016716
8.778207076892725,7.233553744826907,7.296999702433376,7.635415973734357,114.62218180312178,9.306332818945696,6.811602509329813
8.71169172638599,7.213752026640002,7.2920240103472675,7.647500557479173,114.66455142461625,9.314268369053359,6.828253771019195
8.64442231211845,7.205166720302199,7.28627982414942,7.6598724566346865,114.5705080543002,9.319964300935087,6.842660690791092
8.57653692147633,7.207287291553246,7.279894259580771,7.672482761713863,114.33983002308116,9.323349078935067,6.8546901957295905
8.508176594207868,7.219547241398073,7.272978152598112,7.685287739601868,113.972966380187,9.324390180041902,6.864217369882392
8.439490699521853,7.241331012791772,7.265626380278822,7.6982514974102125,113.4710446722633,9.323089692841911,6.871128223450352
8.370636478031955,7.271981716849995,7.257918195150572,7.711345600123412,112.83586473587752,9.319478036403774,6.875321451596449
8.301775844908693,7.310812162319357,7.249916766887693,7.724547014244508,112.06990699353834,9.313607310230838,6.876708923509918
8.23307284567233,7.357125881196511,7.241668371833847,7.737837288867795,111.17635464838744,9.305545521524069,6.875215794688237
8.164691545484375,7.410247859311156,7.2332025450767805,7.7512035688498875,110.15909053916768,9.295374726484564,6.8707808419211425
8.09679362618195,7.469551396246607,7.224533709638688,7.764639184118704,109.02265019324145,9.283196035360858,6.863356828524132
8.029536189475463,7.534467619456448,7.215662780071058,7.778141710394097,107.7721470055278,9.26913942658075,6.852910741246309
7.963070036487678,7.6044788678057875,7.206577378195536,7.791709403024227,106.41318621222126,9.253369962573732,6.839423906246901
7.897538231557873,7.679107113250086,7.197251198895445,7.805338938482112,104.95177666225388,9.236084550843653,6.822891991615775
7.833075466923452,7.757905147078263,7.1876436582882475,7.819026024985443,103.39424744308673,9.217501682179156,6.803324903959289
7.769808094955844,7.840450839635061,7.177700473521131,7.832767532436665,101.74717659391307,9.197849786669073,6.780746721916632
7.707853218646347,7.926342916343274,7.167355145750992,7.8465622509878035,100.01733575831416,9.177359118394396,6.755196187931104
7.6473170342257,8.01519912142689,7.156530358345552,7.8604086200534695,98.21164285218883,9.156259226262373,6.726728036978886
7.5882946298991785,8.106657303352085,7.145138349324009,7.8743008388364055,96.33711103405747,9.134778584043794,6.6954138836058625
7.530871389373373,8.200376825712407,7.133080726903506,7.888226573639645,94.40079739094443,9.113141649815644,6.661340682798156
7.475124196546935,8.296037906255433,7.120248798247565,7.902167506200427,92.40976771295223,9.09156346988279,6.624606949648947
7.421121513521386,8.393338724859186,7.106524869478943,7.9161000325586945,90.37108071439316,9.070244813842915,6.5853192336554205
7.368922407458683,8.4919904843896,7.0917847368290206,7.929993372499351,88.29177528992183,9.049368920859216,6.543590206451863
7.318574743754756,8.591711834854213,7.07590111834195,7.9438064218309075,86.17885467613605,9.029099224901856,6.49953727899097
7.270113146573083,8.692225859437832,7.058747800994016,7.957485950065929,84.03927639018744,9.009577257966997,6.453281125980836
7.223558171568117,8.79326015945902,7.0402059259072916,7.970966486074726,81.87994453110355,8.990919671678597,6.404945101619545
7.178917849320245,8.89454636032187,7.020172849812361,7.984171194068745,79.70769458275649,8.973214074330516,6.354656198533172
7.136190876683638,8.995816725125765,6.998571176345143,7.997013152289593,77.52927094195806,8.956514816860413,6.302547105220246
7.095369750561323,9.096799834015089,6.9753561146009355,8.009396546698337,75.35130129856967,8.940839930430576,6.248758029224398
7.056443397572031,9.197217625886358,6.950520088032224,8.021218194365066,73.18027118502096,8.926169910493405,6.193437064916467
7.019400294887793,9.296783896332768,6.924093081275698,8.03237053965267,71.0224969624619,8.912448883940028,6.136739488267313
6.984232611309286,9.39520362769886,6.896139054601793,8.042747161480671,68.88409101847098,8.899588554343756,6.078827122395445
6.950940017661291,9.49217289896451,6.866750528055939,8.052251045883674,66.77092145340322,8.887475059005391,6.019867894205816
6.919530982898893,9.58737929519263,6.836042953136788,8.060803335556649,64.68857841427551,8.875977163655307,5.960035270921284
6.890022253805568,9.68050260685306,6.804149659901625,8.068348233962624,62.642355975183136,8.864952177110073,5.899508136975663
6.8624411807867025,9.771215371846912,6.771218016770175,8.074852224145141,60.63724588165687,8.85424788716893,5.8384714250280965
6.836832744926137,9.859183033526712,6.737407033974723,8.08029999317575,58.677928857971196,8.843702720709219,5.777116524331362
6.813265668922426,9.944063943109903,6.702885221686589,8.084690429995444,56.76875322504656,8.833148394056142,5.715640401890299
6.791832495511879,10.02550953161746,6.6678270532271755,8.088034364578268,54.913706125985215,8.822420652268137,5.65424313297076
6.772646468484964,10.103166131965502,6.632408069497586,8.090353620567456,53.11638876230105,8.811378311701105,5.593124301311914
6.755840161409161,10.176682063904536,6.5967999020389065,8.0916796557227,51.37999977210081,8.799920187417348,5.5324792103956515
6.74156539214019,10.245722149882155,6.561165993517443,8.092050796622207,49.70732581220486,8.787992775072528,5.472495546285009
6.729990503413242,10.309985595546129,6.525658237534791,8.091508773799355,48.10073833936006,8.775592769685632,5.413350604439911
6.721293214351398,10.369219097888957,6.490414841673169,8.090095691266754,46.562194730891406,8.76276648762081,5.355208894787313
6.71565091378195,10.423220505855557,6.455559507161335,8.087851809881215,45.09324405869934,8.749603601795313,5.298220781757831
6.713232009105895,10.471836014764618,6.421201572970498,8.08481362999214,43.69504243519645,8.736226703473596,5.242525385045496
6.714191541008953,10.514958317503869,6.387436955192646,8.081011985714413,42.36838177023912,8.722780582650595,5.188259616470568
6.718671717011472,10.552528910298877,6.354349728718426,8.076470865585373,41.11372669170971,8.709422794933609,5.135568130574981
6.726804694784919,10.584539639186191,6.322013401422947,8.071207260623028,39.931245022665316,8.696315698292226,5.08460773405363
6.73871458176592,10.611028404729442,6.290490839725096,8.06523159060344,38.82082202130223,8.683620497299128,5.0355469009564855
6.754518759304652,10.632070805672498,6.259833238894734,8.058548737350849,37.78206448677365,8.671494109802328,4.988564258054615
6.774330660568359,10.647772233106362,6.230079966676815,8.051160102602754,36.81430775166899,8.660088255470034,4.943847318755353
6.798263138900115,10.65826220121221,6.201260351150089,8.043066604440797,35.91663045433659,8.649548342397164,4.901590881094333
6.8264279183548835,10.663690442026356,6.17339608453794,8.034271439086888,35.08787119446805,8.640011397046646,4.861994214297316
6.858929278629255,10.664223808728964,6.146502468911314,8.024781381126429,34.32664262518402,8.631605554221252,4.825256885597265
6.895856127051232,10.660043195733746,6.120588564680117,8.01460659317318,33.631346838140054,8.62445205057165,4.791574353427318
6.937278862174959,10.651340102605873,6.095657258862227,8.003759489713376,33.000193669772905,8.618666519502938,4.761134390429028
6.983253330464889,10.638312411836235,6.071705813955028,7.99225406525024,32.43121588581358,8.614356985951687,4.7341150578650595
7.033826313752128,10.621159183512658,6.048726804628534,7.980107235631092,31.922278121524354,8.611619613165008,4.710685065346901
7.089035268545738,10.6000755476183,6.026709087999741,7.967340576319671,31.47108566797489,8.61053432395418,4.691005664324456
7.148903113821346,10.575249391795692,6.005638516906307,7.953979370117354,31.07519902318437,8.611161224194705,4.675231456112937
7.213435309432762,10.546859983356097,5.985498433730144,7.940049201269988,30.732050805572502,8.613537899285904,4.663508808130202
7.282623608490205,10.515076710872334,5.966271196934556,7.925572773524054,30.438957868748137,8.617677494139388,4.65597234641679
7.356453169304944,10.48005714083028,5.947942688989673,7.910568459950829,30.193127456474503,8.623567492765027,4.652739810264928
7.434905652569484,10.441945507158634,5.930509441866452,7.895050161345606,29.991662107269637,8.631168983486884,4.65390567365017
7.517955333193311,10.40087186342203,5.913984644007898,7.879028375182321,29.83156758176436,8.640415957768461,4.659534841501066
7.6055618887507235,10.35695126265392,5.89839985761583,7.862514266773578,29.709764265515915,8.651214410581662,4.669657630481352
7.69766413963998,10.310283530300625,5.883803046219728,7.845527198224798,29.623100046694557,8.66344173554972,4.684267275912068
7.79417632550578,10.260954352445031,5.8702550943756995,7.828102226123982,29.568363136276762,8.676948979341098,4.703321883979702
7.894987222979219,10.209036620098924,5.857826359799096,7.810293494368655,29.542295467051286,8.691571242752735,4.726750419413432
7.999961221742183,10.154590618292099,5.846594382276849,7.792172433119005,29.541610147242352,8.707146595124764,4.754457985105587
8.108939249604235,10.097663959581597,5.836642836054174,7.773822541877813,29.563017339898302,8.723532663832112,4.786326801737694
8.221738234306475,10.038293625249585,5.828060421432422,7.755333492664096,29.603256542695984,8.740610995089938,4.822215176979339
8.338149683577523,9.976511461178452,5.820938633382114,7.7367965337323765,29.659124938819993,8.758282282347025,4.861958401236202
8.457938688830495,9.91235239960309,5.815368916418246,7.718301438005895,29.727495053835995,8.776460842766694,4.905371905721997
8.580843735840123,9.845862587912235,5.811440176851734,7.699933276268484,29.805325844843246,8.795071680819564,4.952254612694057
8.70657735153523,9.777104439709955,5.809236493874786,7.681767753956071,29.889674483473634,8.814049165649367,5.002391052954677
8.834829220174838,9.706157981209346,5.80883449324261,7.663866550072245,29.97771080578322,8.833335958561824,5.055552326687074
8.965273189968329,9.633120482114625,5.810300631991822,7.646274514478552,30.06673069395792,8.852881344954694,5.111497479008268
9.097575868997334,9.5581079193827,5.813689007980791,7.629018313780882,30.154164260501172,8.872638563721779,5.169976293466995
9.231402729572583,9.481261674795343,5.819040188550422,7.6121049495259925,30.2375787946749,8.892561770421057,5.230731587260926
9.366420324365732,9.402759348501242,5.826381039068345,7.5955199499957295,30.31467909731686,8.912603569464688,5.293498910226402
9.502295978831102,9.322824086583932,5.835724706332427,7.5792268416776745,30.383306848454104,8.932712923750248,5.35800469028476
9.638696119667996,9.241731249048206,5.84706992979128,7.563169189350844,30.441438739639505,8.952833281136542,5.423964925021705
9.775283129944317,9.159814475973022,5.860399695986754,7.547274719975281,30.487184390554912,8.97290295049766,5.491084907003778
9.911711078351503,9.077466606857037,5.875680074908054,7.531460281153099,30.51878867312193,8.99286015709888,5.559059415702695
10.047621985328153,8.995130615838354,5.89286032739906,7.5156363239860156,30.534641857989275,9.012650474205937,5.627572769996581
10.182643707485841,8.913285194710783,5.91187460864546,7.499709439180912,30.53329520438589,9.032230504671137,5.696298791274874
10.31638894347501,8.832433340462297,5.932644826182709,7.483582590630761,30.51347519344596,9.051566124899184,5.764902073692677
10.448455208341722,8.753096527896545,5.955083997923894,7.467154421845281,30.47408842236344,9.070629292194527,5.8330420827012475
10.578426853059666,8.675809845897408,5.979098887112166,7.450319316693417,30.414214591683674,9.089396032953534,5.900379508405947
10.70587929274285,8.6011139073122,6.004590656003843,7.432968761051044,30.333094233231236,9.107845292249758,5.9665824634087485
10.830383502964924,8.529545187615069,6.031454035764154,7.414993073165376,30.230119818204248,9.125958099065546,6.0313305541335644
10.95150865003741,8.461627129333285,6.059576800021371,7.396282733604895,30.104832907103862,9.143716055677434,6.094316469030194
11.068822633776326,8.39786134415821,6.088840048776511,7.3767299110234426,29.956923311008538,9.161098085442484,6.155245918217373
11.181891753004015,8.338718240964662,6.119118483539524,7.356230259003181,29.78622422699788,9.178076364027998,6.21383704116425
11.290280362717684,8.2846276361876,6.150280411537092,7.334683685077422,29.592704854312583,9.194614103247094,6.26981993287498
11.393551503624893,8.235970760265904,6.182187947039082,7.311993320379809,29.37647273039215,9.210666522852206,6.322936411445203
11.491270910360551,8.193075475909245,6.214698058978158,7.288063312040907,29.13779031074945,9.226183064150769,6.372939987515847
11.583016296397135,8.156214379776046,6.247664978409991,7.262796511158183,28.87708849456524,9.241108150092103,6.419596405483474
11.668390380840119,8.125603035731183,6.2809434104302175,7.236092801056924,28.594960577408205,9.255380618859316,6.46268585894336
11.747032938191944,8.101396772854686,6.314390861291713,7.207849476006387,28.29214177575055,9.268934124896084,6.50200707001998
11.818627076011786,8.083687508479175,6.347868257058238,7.177966678308908,27.969487054034147,9.281699143488085,6.537381453680646
11.882898900946582,8.072503417642622,6.381239835906126,7.1463587616734445,27.627952684785825,9.293604360219973,6.568656043727857
11.939614337211403,8.06781316141208,6.414373128711129,7.112966755054743,27.268581319542083,9.304575779967449,6.595705066135699
11.988576493217229,8.069533415393254,6.447138743722326,7.077766194750317,26.89248844310593,9.314534810347121,6.618429817414202
12.029623090783389,8.077536846137235,6.479409862526642,7.040769374917222,26.50084886717831,9.323397582611767,6.636757139742719
12.062622613790863,8.091660493604966,6.511061648045383,7.002024315702509,26.09488339558042,9.331076387871782,6.650637704325859
12.087470407237557,8.111715457761324,6.541970324655874,6.961612248763398,25.67584577778799,9.337482281296667,6.660045366554262
12.104087088649212,8.137494393587358,6.572011877053649,6.919644034267627,25.24501005296301,9.342526974664123,6.66497833366544
12.112420210673418,8.168773453013687,6.6010612801102555,6.876255733930143,24.80365823772641,9.346123035650919,6.665460819422286
12.112447984347837,8.205310631483187,6.628993672164015,6.831603677706683,24.35306805504822,9.348183382697151,6.6615430097315045
12.104182018766123,8.246844349917884,6.6556884524912086,6.785859719339448,23.89450195813721,9.348621707689897,6.653299081664043
12.087667012314661,8.29309580234098,6.681035556886763,6.739208331763365,23.429199949600342,9.347353787783698,6.640823914100708
12.062979012654385,8.343776526570219,6.704941090356312,6.691845640798824,22.958377092622843,9.344297877880374,6.624229307863095
12.030225486102124,8.398597142111502,6.727329884373358,6.643977465442536,22.48322433375131,9.339373671587364,6.603641748303852
11.989548317717464,8.457271343744562,6.748145075840894,6.595814398162851,22.004911991291387,9.332503093783668,6.579203478361984
11.94112708030542,8.5195139273269,6.767346329344185,6.5475657625743775,21.52459763046929,9.3236174479498,6.551076368078581
11.885179036673074,8.585036019990488,6.7849075104436976,6.499435328095136,21.043436798978327,9.312670154882856,6.519445939805408
11.821956295395415,8.653540700939221,6.800813263103726,6.451618939049459,20.562593959218493,9.299647712034368,6.4845224384046425
11.751742816660613,8.724720257897705,6.8150548802410915,6.404301989573188,20.083261982192983,9.28457260684828,6.446538083206469
11.674851713667326,8.798255392700302,6.827627561285502,6.357656009618175,19.606693736589055,9.267498354148056,6.405742710409289
11.591621991215066,8.873815921539848,6.838530201790682,6.311835542283912,19.13422403812681,9.248501003156255,6.362399776575281
11.502414710176879,8.95106175994475,6.847766844312594,6.2669761390477134,18.667264639719715,9.227671679857883,6.316782433729449
11.407608852726147,9.029644146993306,6.855348100725742,6.223193588761764,18.207285279881503,9.205111713841431,6.269169306977471
11.307597392232188,9.109207743275563,6.861291165726986,6.180584318919464,17.755802101952806,9.180928729856628,6.219840359803642
11.20278424943232,9.189392749442499,6.865618944452044,6.139226492094534,17.31437880170846,9.155232504292767,6.169073028775258
11.093581594944913,9.269836211602778,6.868359955642842,6.09918125982672,16.884629888486597,9.12813110496035,6.117139045950678
10.980406782927586,9.350173064954669,6.869548592540394,6.06049386694281,16.468218841339947,9.099727736371468,6.064302416782921
10.863680507141032,9.430036963560923,6.86922404019042,6.023194222595068,16.066853345552442,9.070118490593408,6.010818104694992
10.743828404578737,9.509060126691645,6.867428786878717,5.987296905244959,15.682274710940979,9.039391288623989,5.956930638959799
10.621285421505805,9.586872539479637,6.86421075164659,5.952801397754154,15.3162440930323,9.007625954045412,5.902873227861775
10.496499079106602,9.663102149819244,6.859631564838582,5.919693875121082,14.970538282736506,8.974895080457136,5.848869332801296
10.3699278254283,9.737376706776601,6.853777401696569,5.887952406456984,14.646948258371932,8.941264589386801,5.795136493675864
10.24203442933612,9.809325705587728,6.846765853227163,5.857555940206172,14.347259603353134,8.906793354288796,5.7418886708050065
10.113277589658532,9.878581182905041,6.838746692783885,5.828493641050024,14.073218658014223,8.871533564045222,5.6893347568026025
9.984104525686732,9.944778387261815,6.829898417694328,5.800771896389371,13.826513030637575,8.83553331320684,5.637675339348486
9.854945849537216,10.007557839445335,6.820422043124609,5.77442008535731,13.608778220206457,8.798840153431534,5.587101072380259
9.726212934375082,10.066568637993374,6.810533003168267,5.749494393076213,13.421605763480434,8.761503604703277,5.537793338365731
9.598296693371562,10.121471647328939,6.800452576080996,5.72607667878769,13.26652874743129,8.723576227081786,5.489924739396738
9.471566725003221,10.171941861074608,6.790400413683172,5.704268888610467,13.144989219879934,8.685113357888833,5.443657275410248
9.346371591408154,10.21767059319368,6.780589046507173,5.684186206054086,13.058300496448009,8.646171353577571,5.399139077546345
9.223040970529212,10.258368300360262,6.77122050508561,5.665950763742024,13.007611726306067,8.60680545207881,5.356502465237541
9.101887544003034,10.293768540567084,6.762484867036317,5.649686047448553,12.99388316564045,8.567068987364296,5.315865158936591
8.983206202679797,10.32363480750819,6.7545595944173655,5.635511687041872,13.017879435707442,8.527014398391623,5.277333243317579
8.86727148862757,10.347772681859311,6.747607909633203,5.6235389253903305,13.080178408421313,8.48669541224884,5.241002805089748
8.754335682859159,10.366044984333497,6.7417762889131065,5.613867537157769,13.181182548914704,8.4461687889495,5.206960329405664
8.644628548568656,10.37838120095382,6.737193051908034,5.606584128334742,13.321118129011495,8.405494317862848,5.175287359024501
8.538357900954491,10.384775906981126,6.733968426296508,5.6017613314934565,13.500020246499203,8.36473527627799,5.1460740958003734
8.43570963575853,10.385281151816887,6.732193934511342,5.599457892233582,13.71771902871729,8.323962633355459,5.1194362472139945
8.3368470582696,10.379999811408176,6.731939630266017,5.59971881545124,13.97384728619059,8.283261274913865,5.095523758817615
8.241910074606178,10.369080876369708,6.733250056438099,5.60257421571918,14.267868983369803,8.242733549572657,5.074518253885591
8.151014437365559,10.352714321324433,6.736140746953772,5.608037414933592,14.599103249023788,8.202498916541547,5.056624371009499
8.064251338543446,10.331124728295258,6.74059689060483,5.616104100259995,14.966729721741741,8.162691476594736,5.042059895639195
7.981687583901011,10.304565047211472,6.746574764029329,5.626753056976879,15.36978712064307,8.12345688030248,5.031046818186089
7.9033668008122255,10.273311760491849,6.754004754893508,5.639947514210059,15.807176092784616,8.084950658770454,5.023803563142036
7.829313111983963,10.237661110939209,6.762794440923574,5.65563576535416,16.27766472558628,8.047339215304781,5.0205376288891745
7.759537313210266,10.19792582808407,6.772831552041989,5.673749984387668,16.779893737655694,8.010800107966322,5.021438695621012
7.69404336923247,10.154431750390716,6.7839870803954225,5.694203745922755,17.312380677111914,7.97551793770509,5.026673195469624
7.63283424322124,10.1075130444767,6.796118748997066,5.716891126524201,17.873520299353483,7.9416781966533305,5.036380865855812
7.57591666808874,10.05750620965213,6.809075407218186,5.7416898439489295,18.46157862164577,7.909463748185567,5.0506727328986685
7.523302388254124,10.004745485771155,6.8227015775835,5.768466709059098,19.074687943481127,7.879054458968489,5.069629239068492
7.4750051355762235,9.949561915510596,6.836839889523297,5.7970812285642985,19.710856354564154,7.850627238152525,5.093298143326618
7.431037691189548,9.892284720009338,6.851331076831315,5.827386699129565,20.367991806798592,7.824354642518405,5.121693116286156
7.391412856614022,9.833240872624842,6.86601389072546,5.859232359297401,21.043923340757775,7.800402061454634,5.1547930969957685
7.356146239396866,9.772751305108354,6.8807265788008936,5.892468405429271,21.736408812484395,7.778924875482624,5.192541777520221
7.325257483890109,9.711126052520603,6.89530921662935,5.926951228086586,22.44313744914497,7.760068218205254,5.234847374662578
7.2987700663528985,9.648660243715632,6.9096053446724985,5.962545754378042,23.161735343302706,7.743971035022749,5.281582815557064
7.276709777689874,9.585630858954286,6.923462064639102,5.999124840429248,23.88977084013311,7.730771948785677,5.332586299176034
7.259100395842234,9.522293639640177,6.936728880176468,6.036568564257636,24.624758280265254,7.720611342659931,5.387662603007787
7.245957140695432,9.458880191118938,6.949256215104515,6.074765611875997,25.364164287234672,7.713627330403418,5.44658501689165
7.237281014495467,9.395596665895395,6.960894242946418,6.113614852203247,26.105417532851906,7.709948835529199,5.509096983774926
7.233056009395591,9.33262553910512,6.971492270047662,6.153024323278598,26.845920235990736,7.709689551149696,5.574912836838434
7.233248179771382,9.270129758079202,6.980898860825603,6.192908117748367,27.58306128371139,7.712943684342009,5.64371850518668
7.237804511503941,9.208256603048795,6.988962439580612,6.233182689836628,28.31422976011297,7.719783519143,5.715174254412626
7.246650989449942,9.147139628841801,6.995531872334045,6.273763163857879,29.03682678881099,7.730261097338181,5.788920838905223
7.259690610193464,9.086899285111574,7.000457300006081,6.314560392523867,29.748275893882493,7.744415682113927,5.864588227169404
7.276802766017915,9.02764340304952,7.003591709561203,6.355479500936663,30.446034363483673,7.762282160650737,5.94180385947325
7.297846358610469,8.969468384924438,7.004792813069679,6.3964198151454985,31.127616138795833,7.783894241491514,6.020197279627328
7.322666737619089,8.912461765226524,7.003924469994679,6.437275256106135,31.79064892461786,7.8092848317908805,6.0994011958753225
7.351101593355238,8.856706120367534,7.000857847239745,6.477934034490897,32.43296576069041,7.838488839260777,6.1790523273928954
7.3829819773673835,8.802283196776033,6.9954731555791465,6.518277250791507,33.05268125331537,7.871545594028617,6.258794236966927
7.418130694216665,8.74927692055342,6.987661822081581,6.558176911772537,33.64821160632638,7.90849549307849,6.338280929012338
7.4563617042366745,8.697774485222599,6.977328161231903,6.597494199612327,34.21825616607448,7.949372796800338,6.417179251341976
7.497481189540252,8.647865977980425,6.964390192642585,6.636078809472699,34.761770528422744,7.994200831450613,6.495169466088521
7.541289160706627,8.599645924116642,6.948779738041488,6.673769867822417,35.27793478743659,8.04299195615059,6.571945669473738
7.587580406337063,8.553219335211669,6.930442188866291,6.710398414496352,35.76611400683407,8.095748719945373,6.647220139559535
7.636144225333144,8.50870765069624,6.909336540122519,6.7457908626489,36.22581791286712,8.152462322478014,6.720732292533385
7.686763590269074,8.466248233877064,6.8854357651252975,6.7797733432920175,36.6566693623213,8.213109047405178,6.792256077029774
7.739214553302085,8.425988321136556,6.858727178824858,6.812177514164034,37.05838397524958,8.27764728595533,6.861600519464012
7.793265606204965,8.388077918344749,6.829212907412573,6.842846648825374,37.430755661944524,8.34601660321102,6.928604506302644
7.848677167267037,8.35266371438804,6.796911098454997,6.871639268145621,37.77364270249045,8.418139997315416,6.9931293697901875
7.90520228218791,8.319884200630268,6.761857696921018,6.898429608692685,38.086953541818666,8.493929553878065,7.055052234635345
7.962588321140146,8.2898654576223,6.724107548875898,6.923106573859003,38.37063298960144,8.573292345340334,7.114262126054046
8.020579204107003,8.262717162613527,6.683734509183634,6.945572538814605,38.62464939415833,8.656131964015604,7.17065866607578
8.078919249638725,8.238529537361382,6.640831253455077,6.965742454898092,38.84898473927325,8.742344981010902,7.224151276431899
8.137359236421355,8.217372081184124,6.595508828951296,6.983543476826977,39.04363015912981,8.831816315755903,7.274657857444568
8.195663758270722,8.199293395341263,6.547895841758808,6.998914608818231,39.20858759590917,8.924416793171646,7.322103736642145
8.253617872225224,8.1843208371737,6.4981374737287725,7.0118051460414845,39.34388024289727,9.020002278375648,7.366420718814386
8.311030194122411,8.172460332295246,6.446393678411885,7.022172018820441,39.449579170886814,9.118412510966142,7.407545016550418
8.367732886324752,8.16369715232996,6.392836582419912,7.029978179778083,39.525841563634096,9.219469061449589,7.445414576112501
8.423583557118427,8.157996675673692,6.33764983704182,7.035194033626954,39.57293600208659,9.32297317579421,7.4799674506880445
8.478470017201074,8.155303923932236,6.281031583226496,7.037801183635331,39.5912405062768,9.428705221319651,7.511141469309321
8.532311433772366,8.155542401168118,6.2231975807672875,7.037795013754597,39.581227471231415,9.536428187238638,7.538874839676702
8.58505202740241,8.158613222372688,6.164380055797028,7.035183824879776,39.54345553691792,9.645895676612533,7.563108184114454
8.636651479958369,8.164394791555559,6.104822235406999,7.029985839017823,39.47857176720124,9.756859784414203,7.5837878463715045
8.687078231211169,8.172743098112335,6.044772146168873,7.022226132252567,39.38731194688183,9.869074691333205,7.600869227227224
8.73630808849853,8.183492812409533,5.984479562356122,7.0119342352560174,39.27048961980979,9.982297922007573,7.614319672098734
8.784325566748938,8.196458907606784,5.924197055364289,6.999142859208639,39.12897874400693,10.096292116708318,7.624120796606866
8.83112322879868,8.211438168646891,5.864181784954772,6.983888101610539,38.963699622818346,10.210826652612804,7.630269352000204
8.87669777429556,8.228210338935432,5.804694192605947,6.966210852678292,38.775611346039206,10.325677626452958,7.6327764637449205
8.921045572916324,8.246540737325509,5.745993498368367,6.946159556821523,38.56570650130255,10.440625961119624,7.631667978905822
8.964159315357254,8.266190142618179,5.688332148894162,6.923794562542412,38.335002087404995,10.555454155263448,7.626990027999628
9.006025777990567,8.286934774222416,5.631950453118638,6.899192457581012,38.084525544331875,10.669942669124948,7.618818989821962
9.046625763101739,8.30858777993453,5.577071876191692,6.872449075734299,37.81529944793793,10.783867715324346,7.607268473420051
9.085936230146977,8.331012056715405,5.523899640254191,6.843681747211819,37.52832794046015,10.897001333954096,7.592488011615691
9.123931611429077,8.35412395696737,5.472615277504958,6.813030051285259,37.22458576270149,11.009113210428628,7.574655782663463
9.160582819618192,8.377890651120506,5.42337962928526,6.780653814919872,36.90501028941331,11.119974978857057,7.5539703426116676
9.19585561428977,8.402321493187076,5.376335702056593,6.74672995468055,36.57049793356454,11.229367837896733,7.530644106902734
9.229708754255165,8.427455006673275,5.331611104047215,6.711449759542253,36.221905553790734,11.337090837066931,7.504898760695704
9.26209080159856,8.453345339292925,5.28931834596698,6.675015882543094,35.86005458471637,11.44296549027791,7.4769614960146376
9.292937251859362,8.480051080249316,5.249553809312779,6.6376395345738715,35.48573435233769,11.546836075042263,7.447061436086568
9.32217354989102,8.507626470278353,5.212396875843787,6.59953963507099,35.09970291741668,11.648571937408718,7.415426537285151
9.349726253002963,8.536113507166052,5.1779093530502225,6.560942339145031,34.702686981275846,11.748079084976665,7.382281200347952
9.375534824073299,8.565534665502803,5.146135030975821,6.522077614748034,34.2953836125016,11.845316406803132,7.347843957722209
9.399555188806115,8.59588775843234,5.117099505593404,6.483173460508154,33.878464387211615,11.940301921166574,7.312324451044755
9.421755545886924,8.627144156095458,5.090809563219962,6.444451272620787,33.45258034863734,12.033103670274874,7.275920156536149
9.442110251352128,8.659249535017896,5.067251559765196,6.40612371942818,33.018366059042734,12.123823607877767,7.2388143231253865
9.460595621468142,8.692125085817786,5.046389977735767,6.368393753501506,32.57644256482065,12.212582651450667,7.201176028721271
9.477188595592038,8.725668156159234,5.028167531634478,6.331453623940246,32.12742225758226,12.299509366416467,7.163161296159309
9.491867217610073,8.75975448208327,5.01250655969294,6.295483503630082,31.67192073175964,12.38473261834583,7.124913437797425
9.504611782004728,8.79424562901922,4.999311058199234,6.260648884676252,31.210575329175825,12.468377726873083,7.086562908011597
9.515406907512965,8.829000976714303,4.988469361424162,6.227096482816855,30.744059553869686,12.550565546475983,7.048227983639004
9.524244868949536,8.86389036123755,4.979857049670905,6.19494982497407,30.273083504692817,12.631413953147241,7.010015980850389
9.531128806070003,8.898806611906151,4.973340008716318,6.164305895665421,29.7983830927195,12.71104004863088,6.972024218551174
9.536073462647995,8.933677754047004,4.968778655029068,6.13523408585449,29.32070619881846,12.789560065054488,6.934340493625027
9.539103072843563,8.968478681438881,4.96603277563835,6.107778148938231,28.840800059892906,12.86708522638537,6.897042614512054
9.540248842663129,9.003247410655081,4.964964757191703,6.081959653320035,28.359401073835716,12.94371709397277,6.86019677636429
9.539548169035802,9.038109713880413,4.965440767134138,6.057780586291351,27.877226879119437,13.019550567191581,6.8238553008465175
9.537045283880753,9.073310713882814,4.9673315960607365,6.035225644790109,27.394969882725402,13.094687546049661,6.788054723351641
9.532791281877536,9.109246840197638,4.970514425556253,6.014266548546008,26.913292761723657,13.169251320469977,6.752815296741734
9.526841335758883,9.14647958350948,4.974874774928231,5.9948676691274985,26.43282660785587,13.243389894868695,6.718142218256626
9.519249255606384,9.185719049669558,4.98030692927455,5.976989526618587,25.954169374390716,13.317269377867555,6.684027985868907
9.510062551400662,9.227794064950926,4.986712708435859,5.96058913441305,25.47788230649251,13.391065718143649,6.650454835740328
9.499320708728067,9.273631298781908,4.993999711415446,5.94561925909465,25.004485752692926,13.464958334291362,6.617396130939732
9.487055990955758,9.3242429152444,5.002079026056553,5.932027896733566,24.53445646247956,13.5391252583,6.5848163386745835
9.47329426652506,9.380707728868622,5.0108620018543295,5.919757535741065,24.06822657663562,13.613739460215205,6.552670273386669
9.458055037169027,9.444139559423103,5.020257131777989,5.908743995854512,23.60618390967589,13.68896484756836,6.520902849694314
9.441352309869593,9.515649679682854,5.030168168929935,5.898915628209586,23.148673175341507,13.764950044387717,6.489450622431471
9.42319804300345,9.596310889393573,5.040493429420703,5.890193511761075,22.695998665463414,13.841821699113769,6.458246257625232
9.403607633591562,9.687125990958437,5.051126086078966,5.8824923345410625,22.2484305300571,13.91968038975403,6.427225997845964
9.382604802022051,9.789001942358746,5.0619552756068815,5.875721286529442,21.806214445544136,13.998597799328966,6.396336862953918
9.360223180792202,9.90272971054602,5.072867182066626,5.86978441390572,21.36957955384855,14.07861189494397,6.365539434583121
9.336504226236585,10.028968279527549,5.083745683730912,5.864580807364716,20.938741602350426,14.159720600657302,6.334806431622957
9.311493917550635,10.168232041193413,5.094473587021704,5.8600073676567215,20.513905629998582,14.241877783600813,6.304120029800236
9.285240550052986,10.320881845203047,5.1049352709914375,5.855967961042916,20.095272562714932,14.32499395789612,6.27346981908305
9.257793322322739,10.48711947769572,5.115019897111752,5.852388836768108,19.683046027480437,14.408939388873842,6.2428523932457916
9.229200511932335,10.666985737923117,5.124623668708875,5.849233709822242,19.277433249078744,14.493545225515696,6.212272541548641
9.199507213126495,10.860362871510493,5.133650594404846,5.846511083649135,18.878640000427186,14.578601701224084,6.181744904622305
9.168754249267613,11.066980145565436,5.142012689628728,5.84427289149304,18.486864162033047,14.663856736748796,6.151295019988307
9.13698036815172,11.286419894216149,5.149630252719388,5.842608462742376,18.102292317095273,14.749017797317515,6.1209591604265405
9.104226807161812,11.518123470259932,5.156431244406339,5.84163690249724,17.72510037207556,14.833757648188222,6.0907830410974695
9.070540322386725,11.761398674131916,5.162349536177342,5.841499492901824,17.355454606494757,14.91772797758003,6.060819478857898
9.035973007371501,12.015428830983856,5.167323482436429,5.842353571186862,16.993509802825944,15.000585728154944,6.031124687130986
9.00058029999565,12.279281591387651,5.171295187235954,5.844368103613549,16.639404891679373,15.082027707520448,6.001754059317246
8.964418218174714,12.551917239653548,5.1742094029515595,5.84771948380754,16.29325787121993,15.161820470241667,5.97275936876076
8.927540555258624,12.832198774674207,5.176012013648676,5.852585948966393,15.955161861777464,15.239813011946493,5.944188259439656
8.889997447437802,13.11890652053576,5.176649021137822,5.859140687482551,15.625184205049528,15.315929981055563,5.916085346580372
8.851835765789692,13.410761858854446,5.1760663688693995,5.867545353530107,15.30336848888124,15.3901547197913,5.888493800033622
8.813099638936405,13.706459987480264,5.17421072687972,5.877945253451349,14.989737045596396,15.462511963392066,5.8614564801634295
8.773828909164513,14.00469857306581,5.171031726032941,5.890466129111712,14.684291777271342,15.533054722983099,5.835015738658221
8.734055527831917,14.304193519399735,5.166485875752131,5.905212452613839,14.387013751951613,15.601857899829263,5.8092118610671575
8.6937999665129,14.603693715765397,5.160541509152949,5.922267408567134,14.097864257397765,15.669017616776278,5.7840816472016785
8.653069071814501,14.902003771099112,5.153182706889304,5.941693730678446,13.816789477861473,15.734650192879137,5.759658078782968
8.611855287906664,15.19800161101094,5.144409729431563,5.963533885202988,13.54372751339244,15.798886488255441,5.735970747174331
8.570136890864259,15.49063921796436,5.134235898783189,5.987809195676091,13.278613398911705,15.861863093961645,5.7130473014344
8.527878926461067,15.778935929544785,5.122684061379367,6.0145186817206895,13.02137969287266,15.923715020313509,5.69091556765102
8.485034586612048,16.061981725983937,5.109786146056777,6.0436382499946335,12.771954521592205,15.98457487977049,5.669604280854371
8.441546934784366,16.338956558795296,5.095585921712266,6.075120212177501,12.53025893748624,16.04457724642259,5.649141856552453
8.397351170089268,16.60915220858301,5.080141053760764,6.108892699228549,12.296203228651683,16.10385957451896,5.629554801233173
8.352378926252033,16.871976504577592,5.063521556735581,6.144858894756659,12.069682313676136,16.162556359309498,5.610867210590206
8.306565514149776,17.126936887063327,5.045806806894307,6.182896977193445,11.850572248104507,16.220791947411936,5.593102653898136
8.259856998494623,17.37361720735673,5.027084939439407,6.2228616205047445,11.63873178145625,16.278674817824125,5.576288511341168
8.212213212719044,17.611659113453047,5.007454595538406,6.264586364728446,11.434012086454054,16.336291014715595,5.56046019797715
8.163606579966382,17.840748961643087,4.987025562356189,6.307885600355032,11.23627068850567,16.39369608154254,5.545663583169163
8.11401860382509,18.060606739056748,4.9659164515031105,6.352556365444311,11.045380172520101,16.450909333889896,5.531956690950343
8.063435730626473,18.270975998406733,4.944250800332958,6.398381202729965,10.86122758102725,16.50791762787991,5.519411306893745
8.011846664460743,18.471616147502814,4.922153570397365,6.445133343501934,10.68370864618244,16.564690635155713,5.508113512504548
7.959242809704619,18.66229666595432,4.899749109306113,6.4925841218856535,10.512722095042724,16.621196454627295,5.498162366428008
7.905621120405243,18.842791924217003,4.877160203751569,6.540509244426155,10.348166007768755,16.67740571641382,5.489667347820798
7.850986556112373,19.012876601511906,4.854506547904963,6.588690497990682,10.189935781172483,16.73328676135012,5.482746171402233
7.795352133751206,19.172321964954854,4.831902354779477,6.636913977728953,10.037922899826047,16.788801073191973,5.477523741453723
7.73873700818779,19.320892942248953,4.8094550719488955,6.6849682187801545,9.8920146627683,16.843902663500202,5.474132174299243
7.681164325430575,19.458345922157307,4.787266242389468,6.732644726010128,9.75209564653639,16.898540162484206,5.472712217937087
7.6226605484950305,19.584427624962935,4.76543329005172,6.779742622395799,9.618050696699502,16.952658652766907,5.4734148209421765
7.563257075696034,19.69887598134378,4.744050674348572,6.826076710034514,9.489766811372737,17.006197883777084,5.476399526708419
7.5029939646772235,19.801423477971774,4.723209966216721,6.871484642270479,9.367131242001433,17.05908595040858,5.481828798901309
7.441925567059659,19.89180261915187,4.7029993122177745,6.915829839475697,9.250026947636382,17.111232514710682,5.489861282332108
7.380126519521353,19.969753715397935,4.683502949734633,6.959000586138509,9.138328548508962,17.16253154683711,5.50064661288281
7.317694372977876,20.03503484929195,4.664801314021256,7.0009066829045254,9.031899853176526,17.212884528104926,5.514322127900178
7.254747641943156,20.08743059728591,4.646971761610635,7.041474956976922,8.930592863380324,17.26223830295799,5.531012680826875
7.191421612375954,20.126756050764964,4.630088970841679,7.080645396149806,8.834249100716832,17.310611549932638,5.550835028042287
7.127863183849786,20.152858808487125,4.614224529220235,7.11836906877207,8.742703088937342,17.35809462418897,5.573903838265668
7.064225268456686,20.165623725275168,4.599447352792059,7.154608747590107,8.655786054432404,17.4048330037692,5.600334174860061
7.000662675317665,20.164980475184485,4.585826264461711,7.189341718330163,8.573329068139987,17.451007467944105,5.630239151971665
6.937330761461575,20.150911749895155,4.573432929964319,7.222561058088401,8.495165678441987,17.49681611606723,5.663725042525859
6.87438662740028,20.123460967659852,4.562342724373572,7.254273054475707,8.421132593139037,17.542461839983662,5.700887102109713
6.8119920875195135,20.08273965518448,4.552633208936122,7.284492861917407,8.351067809847986,17.588146083131093,5.7418093055861865
6.750316533234377,20.028934629409356,4.544381761107701,7.31324068348933,8.284808459753918,17.63406621123042,5.786568234187905
6.689537474768,19.96231128553976,4.537664717349917,7.340538580802504,8.222190355991787,17.680413843284597,5.835236897157426
6.629838484441128,19.883208822539903,4.532558438927469,7.366407175719836,8.163048676022113,17.727370746092582,5.887884232807536
6.571406258966447,19.792029294954027,4.529139757383765,7.39086178423159,8.107218208582879,17.77510011096092,5.944570279164409
6.5144283564921,19.689224860038617,4.527483870382646,7.4139087049329655,8.054532298376646,17.823735857507682,6.005340067712586
6.459090973337669,19.57528520571136,4.527660598182369,7.435543200702485,8.004820618157863,17.873373660382114,6.07021930382626
6.405575025940037,19.450726517610708,4.529730995587374,7.4557497244788635,7.957906304094859,17.92406480049841,6.139212547735549
6.354051052554916,19.31608321187665,4.533745268190564,7.474503174258354,7.913603042218522,17.97581315602423,6.212302135562383
6.304675682651854,19.17190122718552,4.539741528292457,7.491769760385571,7.871712996352653,18.028574862300314,6.289446257404923
6.257591621652591,19.018730651940828,4.547744456751544,7.507507688728322,7.832026156515094,18.082258451383396,6.370575731300055
6.212931459079663,18.857118462800784,4.557763653964199,7.521668370141389,7.794321420622315,18.13672557276266,6.455589395970475
6.170823989597571,18.687604179022,4.569792323210106,7.5341980486796105,7.758370850797606,18.191795075585404,6.544349173836133
6.131399624347524,18.510718101646965,4.583806401432943,7.545039886990663,7.723948218522131,18.247250356987866,6.636678246870574
6.094792109998753,18.326978709947078,4.599763413025102,7.5541362591307815,7.690840359952547,18.302847126342996,6.7323671318596325
6.061137056314575,18.13688833119859,4.617601274650464,7.561430364090277,7.658858176068108,18.358319650866164,6.83118748781421
6.0305697701283645,17.940929917585777,4.637238322984065,7.566867935632113,7.6278433346075305,18.413386496959948,6.932905650533164
6.003225260847814,17.73956682055829,4.658575040616991,7.570403196181703,7.597668202113281,18.467758087246168,7.037289352517232
5.979240685931598,17.5332443448841,4.681497024090354,7.572014114563495,7.568231035348305,18.521143594897833,7.144108766869412
5.958756212930737,17.322391243150307,4.705878661512717,7.571724007524425,7.539450072828373,18.57325339819538,7.253134800682226
5.941912395858295,17.107420596989382,4.731586933480566,7.569616372507171,7.511257899052267,18.623803023025026,7.364135588349802
5.928848669583426,16.888730184975227,4.758484582166741,7.5658350619240045,7.483596254957635,18.67252784472903,7.47687321522597
5.919706023471536,16.66670269861481,4.786431769920589,7.560575532822401,7.4564119749438085,18.719203722560774,7.591104223044105
5.914629100672265,16.441707186835536,4.8152860774755855,7.554074861756226,7.4296554015875635,18.763658128026673,7.70658415504673
5.9137626339972735,16.214104320368232,4.844901967753984,7.546601688595993,7.4032817959983195,18.80576568758486,7.8230718073086685
5.917243991582803,15.984256026794041,4.8751305092749915,7.538444613912046,7.377253809765611,18.845435644205768,7.940329786127487
5.925196606282707,15.752534577303827,4.9058190556312535,7.5298995100266515,7.351542876714592,18.88260049772038,8.058121911347389
5.937726687496766,15.519325756993094,4.936810770144839,7.521257913899573,7.326129689094522,18.917209175082334,8.176209455016643
5.954922952330777,15.285026983647679,4.967944450210818,7.512797723137701,7.301004178851623,18.949222382689033,8.294347458367184
5.976858160374223,15.050043880215089,4.999055017300628,7.504775807498788,7.276164002507364,18.9786073782051,8.412281197283738
6.003590885003733,14.814786297654084,5.0299744176286545,7.4974224645951795,7.251611146938089,19.005333171813067,8.5297424494849
6.035165289474835,14.579664615342097,5.060532581901746,7.4909381767656535,7.227347870109448,19.029367384548785,8.646446236415741
6.071608071078717,14.345088481403138,5.090559238003155,7.48549246377566,7.203373660682045,19.050673438447536,8.76208939706302
6.112924923415719,14.11146971427415,5.119887477693907,7.481224493002832,7.179684981613287,19.069207535812136,8.876351123318907
6.159098718688363,13.879229608275983,5.148358423471252,7.47824473372043,7.156277834726663,19.08491648101425,8.988894174272774
6.210088742670142,13.64880655717342,5.175826301296448,7.476635700446787,7.133149874483461,19.097739628002326,9.099365980857055
6.265829608697555,13.420657398168009,5.202163745126073,7.47645074825574,7.110299677644439,19.107623239834204,9.207400081767112
6.326229414665461,13.195251263847805,5.22726609767046,7.477712682986808,7.0877250575225705,19.11454850238059,9.312618920405416
6.391167210291238,12.973059695737222,5.251054523580669,7.480414307783663,7.065422659870047,19.118554572841784,9.414640034085119
6.460490928935431,12.754546025385842,5.2734794259886,7.484520572663833,7.043388207104977,19.119739230820965,9.513086413043691
6.534017939260693,12.540155959669615,5.294523207057192,7.489970671636456,7.021616456152074,19.118243609711577,9.607596704647701
6.6115385754993605,12.330310804454175,5.314200108465225,7.496679142301372,7.000101736438854,19.114236070936734,9.69783010093371
6.692820175880722,12.125403510091033,5.332553095366077,7.504535891432745,6.978839628697691,19.1079002362418,9.783466118332644
6.777609600843893,11.925797642696997,5.349648621837941,7.513406322727308,6.957828460129251,19.099427824389196,9.864202509460899
6.865634361065996,11.731829585825396,5.365570275492127,7.523134014302137,6.937069807391776,19.08901809347749,9.939753580320911
6.956602621752464,11.54381186033948,5.3804129539543055,7.533546947676039,6.916568988906527,19.076881585127932,10.009849814664028
7.050202322076791,11.362033785793699,5.394278512158539,7.544464651805022,6.896335805495764,19.063243230578845,10.074238840930683
7.146101111537526,11.186758885782332,5.40727281248852,7.555703004142111,6.8763843818512855,19.048342689646173,10.132687338716952
7.243949154952396,11.018221454466602,5.419504235279779,7.567076503559119,6.856732000752657,19.032430234195566,10.184984212726967
7.343385343532743,10.856623464847717,5.431083400963779,7.5783989901580915,6.837398485228536,19.015757559815782,10.230947169101947
7.444044982036939,10.702131562675406,5.442122931749651,7.589482687779345,6.818406711646875,18.99856853803276,10.270432741980423
7.5455650415916455,10.554874346265743,5.452736025136228,7.600135905573063,6.7997822722516945,18.981095363980785,10.303343914668451
7.647584908448921,10.414940501103152,5.463033131151345,7.6101607829874665,6.7815506859536,18.96355877361117,10.329630049051294
7.749744945405414,10.282378106391915,5.473117140977883,7.619352480644527,6.763733740345873,18.946167250246894,10.34928117236432
7.851686421785359,10.157194812335968,5.4830789409005956,7.627500936691568,6.746347088620633,18.929112177380418,10.362321783537118
7.953053659113905,10.03935835750134,5.492994843194631,7.634395242147319,6.729398919853894,18.912559782075466,10.368805969553579
8.053496605366302,9.928797664971066,5.502925337570142,7.639829002765707,6.712888995586226,18.896643332793687,10.368812295926999
8.1526723689362,9.82540497279205,5.51291373998743,7.643604925411535,6.696808147222919,18.881457611602873,10.362437632735025
8.250246425507648,9.729038674308082,5.522984799643308,7.6455382824826765,6.681137762680372,18.867054433706663,10.34979142263423
8.345894760917066,9.639526318561973,5.5331446701821845,7.645459664349628,6.6658486080335075,18.85343793032246,10.330992023863123
8.439306878447017,9.556667994012798,5.5433828272454875,7.643217092940703,6.650899952833343,18.840561400890373,10.306165208784217
8.530189322115525,9.480241486335489,5.553674746692748,7.638677158702223,6.636240326860769,18.82832989228441,10.2754441692352
8.61827009447512,9.410010037685826,5.5639838185269115,7.631725056359777,6.621808931882669,18.816610710473764,10.238970336253326
8.703304255871554,9.345731026879266,5.574262482419496,7.622263978346308,6.6075359513497975,18.80524796183568,10.19689416232667
8.785080639929859,9.287165120491206,5.584453669323607,7.610214387264848,6.593342509692283,18.794073114664222,10.149375441009935
8.863428926263591,9.234089162826947,5.594493021395661,7.595513324467321,6.5791422547225,18.782908354182332,10.096583095110821
8.938223863668522,9.186311328572865,5.6043110413373265,7.5781136117104575,6.564844518720694,18.771571593313794,10.038694115965752
9.0093827188452,9.143679289731532,5.613833800969799,7.5579825606926025,6.550357366076784,18.759900214457183,9.975891816807044
9.076856796403218,9.106077484711946,5.622982199215071,7.535100156584553,6.535589686826859,18.74780047709558,9.908364088510785
9.140622031066526,9.07341942824282,5.631671142199074,7.509457510929036,6.52045274773964,18.735303095817667,9.836302220911483
9.200671676435599,9.04563986993009,5.639809497596282,7.481056229297715,6.504861274242574,18.722594961717007,9.759900739993418
9.257010685668138,9.022687351972639,5.647300963571996,7.449908256683795,6.488734130191719,18.710018052248973,9.679358068537562
9.309650752415438,9.004517751182915,5.654045949609621,7.416035158425173,6.471995603883781,18.698049516788434,9.594877431204125
9.358606516840341,8.991088865959293,5.659944528380751,7.379466132169529,6.454577163212012,18.687281880881283,9.506668067063368
9.403895361638142,8.982355137512277,5.664900348959768,7.340235283558453,6.436418068715371,18.678411938927965,9.414947064260915
9.445542576450647,8.978262171948664,5.668824452641592,7.298379969763852,6.4174658501157795,18.672229750151807,9.319941789046485
9.483589990372032,8.978741478061455,5.671637177343314,7.253941259358773,6.3976809871058515,18.66959992631494,9.221892601672934
9.518103606630753,8.983706438707241,5.673267920513756,7.206965295026477,6.3770465477205365,18.671442662322264,9.121054787217975
9.549177009684373,8.993050464747466,5.673654641512238,7.157504415427582,6.355576395410147,18.6787202064883,9.017697890485007
9.576930416724704,9.00664698676425,5.6727441019120395,7.105618865087351,6.333316631592767,18.692422371095322,8.912101971613316
9.601507242489348,9.02434961760672,5.670492020487927,7.051379620314117,6.310342131270912,18.713545622503446,8.804552747919029
9.623069750140791,9.045990717315767,5.666863013479815,6.994871655392567,6.286752485565247,18.743069553617623,8.695337927607303
9.641793738735064,9.071377896388592,5.6618308947890945,6.936197491280529,6.262668990682711,18.78193702821359,8.58474497493471
9.657861843617482,9.10028960995337,5.655378985782884,6.875481023406691,6.238231703871618,18.831039973284074,8.473058990014561
9.671457166248935,9.132471482916955,5.647499877257054,6.812870803369117,6.2135959036453805,18.89121194108598,8.360560305605782
9.682761612414414,9.16763469692408,5.638194469146408,6.748541835493201,6.188928916134465,18.963229461713016,8.247522702189094
9.691962293057347,9.205457626635182,5.6274704301314635,6.682695551561048,6.164407412035738,19.047817180276375,8.134212832302799
9.699262887100117,9.24559095865733,5.61534142305631,6.615557991336208,6.140213494056941,19.145643554082152,8.020890503189758
9.704892189961955,9.28766411554405,5.601829128429749,6.54737624470088,6.116528771190261,19.25730353385298,7.907808703604877
9.70910557249211,9.331289960392592,5.5869676409699816,6.47841364131189,6.093528107702721,19.383305327565154,7.795212335014665
9.712180453123018,9.37606885966317,5.570806731211491,6.40894478809512,6.07137592586047,19.524074872640554,7.683335906460936
9.714408419452525,9.421598269391264,5.553412749857136,6.339251630695914,6.050226828493049,19.679969053793524,7.572401644262427
9.716086219067394,9.467489787718906,5.534871225638073,6.269620942566089,6.0302293325289105,19.85129180648732,7.462619330974788
9.717506513781885,9.513384548475097,5.515293344814997,6.200341923609463,6.0115288246921255,20.038320841715194,7.354188103372212
9.718948870907568,9.558957626845586,5.494820981685984,6.131702156573904,5.994266576947456,20.24133443682608,7.24729927705049
9.72067341419251,9.60391391698969,5.473625137530035,6.063982961852153,5.978575155756471,20.46061408473927,7.142138467901416
9.722919882840849,9.647984819459568,5.451899530762268,5.997457316650405,5.964573139819328,20.69642411770787,7.038885338793156
9.725910726404773,9.690931722054984,5.4298528842540925,5.932390847920297,5.952361949613675,20.948989009489363,6.9377107334868
9.729853115202948,9.73255480324687,5.407701887387738,5.869042468713563,5.942025282850253,21.218478823177758,6.838772949065555
9.734936788703049,9.772700978130134,5.385666577005888,5.807661864691693,5.933629483199622,21.50500174366268,6.742215137437838
9.741329369029799,9.811267302074246,5.363968032854115,5.748485265587992,5.927223460832337,21.808600140352883,6.6481639545455655
9.749172143353395,9.848200826265934,5.34282609745302,5.691732603257231,5.922838535115746,22.129247879898003,6.556728450965907
9.758577274821203,9.883497673305243,5.322455659748018,5.637606806484476,5.920489586646028,22.466853372262207,6.467999056996672
9.769625444248458,9.917207123222026,5.303062235563988,5.586293777362549,5.920178084885051,22.821274746061288,6.382047625176982
9.782363645904523,9.949444660258722,5.284838678944324,5.537961444109572,5.9218953866865265,23.192341040363814,6.298929432870433
9.796805078087337,9.980404708548036,5.2679638278986785,5.492757411017287,5.925624040805045,23.579868474303954,6.218686626360931
9.812933081689433,10.010358982750544,5.252601947854313,5.45080619657897,5.931336503319823,23.9836772854451,6.1413518418839335
9.830708478765978,10.039639919654947,5.238902167291102,5.412207556618863,5.938992180558419,24.403616565307527,6.066951912139892
9.85007781886012,10.068619867557604,5.226999144225617,5.37703655571322,5.948534393678858,24.839586739646496,5.995511578163415
9.870980203725422,10.097693625757524,5.217015681069839,5.345344679420502,5.959888706648479,25.291553155883552,5.92705551297586
9.893350672844743,10.127263720463366,5.20906539954873,5.317160849590238,5.972962554101815,25.759553299975483,5.86160743872282
9.917120186134287,10.15772571739935,5.203253525058105,5.292491957295849,5.987645147683118,26.24368776044621,5.799187562173853
9.942216490706059,10.189454361372661,5.199675846424974,5.271323284632568,6.003807364728165,26.744087583697876,5.739810714871889
9.968568676230403,10.222792406879798,5.198417157442994,5.253620068128684,6.021301920333731,27.260876029166322,5.683486187327979
9.996111410134107,10.258042137123466,5.199551205032036,5.239331204449622,6.039964199399569,27.79414890164181,5.630218139679753
10.024785041079896,10.295458855031118,5.203143092778759,5.228393707394623,6.059614720596792,28.343976094572106,5.580005530876009
10.054533813047456,10.335246005838412,5.209251754527459,5.220735680448192,6.080064129148442,28.910414740674803,5.532842065480365
10.085305273806267,10.377552037504007,5.2179293298257425,5.216277493215811,6.101119910761804,29.493535381984252,5.488716700652239
10.117050260394901,10.422469466020514,5.229217755100947,5.214932157036895,6.122593046571085,30.09345771486886,5.447614062869159
10.149720917329086,10.470035542916783,5.243145588019091,5.216605320407717,6.144303150100401,30.710369335665842,5.409514109689036
10.183265791985628,10.520232517146413,5.259726715140227,5.221194558090011,6.166080646563929,31.34451014649334,5.374391185113056
10.217624128111213,10.572987080524706,5.278959956669888,5.228588107838316,6.187765953206116,31.996140982615294,5.342212602097833
10.252722462852986,10.628170574059881,5.300828477787541,5.238663462962682,6.209207982577515,32.66552302433856,5.312936736368224
10.28847494132645,10.685600418814897,5.325299474901578,5.251285617284772,6.230263471082873,33.352904324248236,5.286510900702065
10.324786946790617,10.7450423163754,5.352324650433159,5.266305211430889,6.250796314293647,34.058501275279724,5.262869226240176
10.361560301446785,10.806213645768748,5.38184066314211,5.2835573295677785,6.270676512235287,34.78250458064575,5.241931144585039
10.398697091263879,10.868789193988695,5.413768620611576,5.302860736256541,6.289779356298582,35.525134208950725,5.223601623390743
10.436100001825135,10.93240996610192,5.448013088939355,5.324017240244138,6.307984557616741,36.28669496630814,5.207772846728964
10.473669804560851,10.99669331906837,5.4844616946029605,5.346812688292061,6.325174532618317,37.067584072991274,5.194325166276931
10.511302193693508,11.061240651854408,5.522985509560904,5.37102173309043,6.34123271162754,37.868277164182985,5.183126509516711
10.54888537897308,11.125641373666902,5.563439549726971,5.396415751046603,6.3560440672350556,38.689349996835226,5.1740320461476985
10.586298081527492,11.18947623113199,5.605662432453954,5.422770492983375,6.369498125487222,39.53156149197877,5.166885443511415
10.623406963886024,11.252324952868806,5.649474836776518,5.449870675785129,6.3814915134283785,40.39596503234597,5.161520872732693
10.6600639353284,11.313780682346797,5.694677853417886,5.477510775494317,6.391927644049533,41.283976929751816,5.15776506624541
10.696105999243924,11.373467391770765,5.741053199083741,5.505493245432508,6.4007150164447895,42.197357731271175,5.155440206601496
10.731360450023004,11.431053035711857,5.78836660257453,5.5336268302193865,6.407767258529218,43.138138763699295,5.154368129644046
10.765654224857272,11.486254897077803,5.8363736099450785,5.561726749124926,6.413005131765004,44.10856039032044,5.154374854526134
10.798822425382221,11.538838965577153,5.884825520772343,5.589616267000126,6.416357526284886,45.11102843101664,5.155294082388487
10.830713029312998,11.588616716388302,5.933473985945986,5.61712814992056,6.417759850506427,46.148064353436745,5.156969111313994
10.861188942470802,11.63544262723099,5.98207416974615,5.644105050073168,6.417151674426945,47.2222729347125,5.159253825723927
10.890128781225316,11.679217310676254,6.030386284040231,5.67039873556946,6.414475836364375,48.336347663891765,5.162014395224945
10.91742564648101,11.719896885893075,6.078175636209184,5.695868659236139,6.409679031355533,49.4930900768143,5.165131919188434
10.942983188205853,11.757498823274515,6.125212821854496,5.720380959550973,6.402712379795091,50.69542629214583,5.168503888555868
10.966710471625886,11.792095941244677,6.171275119651513,5.743809049505754,6.393530750757238,51.9464156460081,5.172043965182955
10.9885175821362,11.823802946509117,6.216147897712926,5.766036030183727,6.3820914871486005,53.24923994324051,5.175682272373809
11.00831245848244,11.852763173877127,6.259625057965645,5.786957868169539,6.368355102922275,54.607183528405,5.179366352343647
11.025999605837015,11.879136775600847,6.301509094234114,5.806485370581253,6.352289200987538,56.0236526060778,5.183060197178309
11.041481188106442,11.903088795058565,6.3416109698487775,5.824543778313434,6.333873048996027,57.50228070621661,5.186740355065193
11.05465896812747,11.92477775747683,6.379749309269128,5.841071088128897,6.3130998922297445,59.047086765638944,5.190391196077208
11.065436776078176,11.944347327587653,6.415749045725078,5.856017252251107,6.289977229373467,60.66257449158677,5.194002005796169
11.073724992193878,11.961922257272244,6.449441411311393,5.869344910578006,6.264526354016181,62.35372882954856,5.197566565348709
11.079444831354254,11.977606842122826,6.480668408349576,5.881030536981555,6.236781155517941,64.12598345945207,5.201083951158898
11.082528863284956,11.99148384938334,6.509291665338547,5.891065348265716,6.206785782243932,65.98521111040851,5.204559362253668
11.082918985500923,12.0036137368748,6.535200095167593,5.899455988185962,6.174591813301597,67.93769313256689,5.208004677288273
11.080564920188353,12.014034418244853,6.558311541823523,5.906223781286379,6.140256425055542,69.99000407137883,5.21143850222911
11.075424244312037,12.022761774223214,6.578569600776233,5.911402275847293,6.103843154925613,72.14880918484015,5.214884981161608
11.067463936389956,12.029791195015955,6.595939376699948,5.91503545138742,6.065425845156143,74.42062901661897,5.218371206055874
11.056662720152465,12.035100096323278,6.610403784072508,5.917177435861885,6.02509360812912,76.81161685546846,5.221924337670749
11.043012652854888,12.038651477712186,6.621960205665589,5.917891688018479,5.982953267817587,79.32737243174513,5.2255692182383155
11.026519785616014,12.040398827852924,6.630617760624768,5.917248934079525,5.939128321141744,81.97281629737988,5.229326159464207
11.007206070992849,12.040294625571477,6.636395514363174,5.915325468540012,5.893757085619912,84.7521499948725,5.233208782451579
10.98511359057881,12.03830730974924,6.639321073868684,5.912202856979193,5.846993307733909,87.6688980132071,5.237222351971023
10.960308411645903,12.034444431149808,6.63942951460835,5.907968644432045,5.799009151144102,90.72596518694864,5.241363230034044
10.932880795650922,12.028767529740643,6.636763672606612,5.90271704980532,5.749996932698125,93.92561083054785,5.245619939453742
10.902941720509597,12.02139180866563,6.631375807637021,5.896548542864938,5.7001676095431275,97.2693246405803,5.249975395775846
10.870617785225656,12.012484306136521,6.623329261877112,5.8895685063940135,5.6497487782470435,100.75771901639129,5.254408976485374
10.836046219057733,12.002271501335949,6.612699801175106,5.881886925917543,5.5989852609133,104.39052566513722,5.258897612794669
10.799370591650716,11.991046149222365,6.599578011239161,5.873619861387307,5.548140814287839,108.16664400205522,5.263416067833537
10.76073634922856,11.979164072845537,6.5840727633160805,5.8648905754514145,5.497497037296588,112.08415804400406,5.267936549462127
10.720285335599566,11.967040176128657,6.566312489101964,5.855828994564486,5.447348084924372,116.14029365943739,5.27242765595214
10.678151207441504,11.955150033139883,6.546441912529528,5.846572513130788,5.397993110949096,120.3313226694896,5.276853478557889
10.63445932113054,11.944026165215325,6.524617546706124,5.83727273652544,5.349728869447731,124.65246474052937,5.281174749740489
10.589331222817737,11.934240624520756,6.501008200883719,5.828106519193751,5.302843786498705,129.0978663226813,5.285352863395912
10.542889159544515,11.92637989634145,6.47580198248351,5.819282015758557,5.2576134696948,133.66067275405416,5.289354001517882
10.495257137467066,11.921021387627237,6.449213436093041,5.811034824430128,5.214296661066497,138.33312674348693,5.293149750573736
10.446559407663715,11.918716490297662,6.4214837248480565,5.803621622469627,5.173131631049063,143.10664671848875,5.296714702403309
10.39691822882158,11.919980401203997,6.392874008888338,5.797324826406438,5.1343342263181855,147.97190343205358,5.300024071923276
10.346451754740848,11.925284406795294,6.363657960644303,5.792475594346378,5.098097451521898,152.9189217326801,5.3030523196491615
10.295272603425405,11.935046960605922,6.334119234273427,5.789484405301017,5.06459137788518,157.93719197206832,5.305772079994007
10.24348728081955,11.949624109921917,6.304555571156943,5.788859564628014,5.033963471476997,163.01572736540845,5.3081533620413675
10.19119658574438,11.969301645290377,6.275286998817083,5.791209026461603,5.006339951073255,168.14304172636244,5.310163397720012
10.138497081225056,11.994290619573048,6.246663257194592,5.797232623302194,4.981827029974392,173.30711373521032,5.311768243890512
10.085482327530144,12.024726174032407,6.219064591046828,5.807708094802646,4.9605107024600485,178.49541004169006,5.312938361030848
10.03224186799379,12.060668347107782,6.1928943560680025,5.823479356147139,4.942457122073048,183.69498129324697,5.313657197034853
9.978857994317249,12.102103616350611,6.168568958536553,5.845461982038525,4.927716179179224,188.8925857006878,5.313927182119244
9.92540279322946,12.1489462775049,6.146510638573442,5.8746611585347965,4.9163258781600465,194.07476892972252,5.3137699628680295
9.871938055932103,12.20103961092707,6.127143624506477,5.912192158383088,4.9083137779413,199.22789151774072,5.313223262327922
9.81851807537685,12.258158289165413,6.110891054278294,5.959339945319073,4.903696288417616,204.33816456368731,5.312337325075606
9.76519245465887,12.320014001996634,6.098169716310214,6.017688074174446,4.902478404242359,209.3917229241752,5.311171613302027
9.71200630532131,12.386264631943083,6.089381468002618,6.089254151176148,4.904654621968906,214.37470854429813,5.309791348797161
9.658998585908959,12.456524338045476,6.084902500339743,6.176547079313689,4.910210544593999,219.27334470606817,5.308263847317355
9.60620112347695,12.530370471692937,6.085074295951417,6.282545908353558,4.919124078303523,224.0740063087339,5.30665555673317
9.55363875788942,12.60734567399527,6.090202242694939,6.4106887163916895,4.931365334161219,228.76328940464262,5.30503080387187
9.501329188279893,12.686958090060275,6.100562842569113,6.564959318356411,4.946895888016486,233.32808391141106,5.303451957884024
9.449282044999608,12.768684161171777,6.116411458784985,6.750018526329751,4.965668756552402,237.75565959577185,5.301979798592277
9.39749762551644,12.851975015650318,6.137983602740077,6.971220063430933,4.9876289669985026,242.03375996108338,5.300673638442272
9.34596579530102,12.936264107897554,6.165490662645931,7.234462539975365,5.012713391594176,246.1506708440989,5.299591510734397
9.294665867250163,13.020974293040956,6.199114028652809,7.545981830528895,5.040849453021548,250.09524309217124,5.298790407204534
9.243568241707102,13.105523808685634,6.239001419716041,7.912175967668706,5.071953484542842,253.8568988860976,5.298326955963735
9.19263732923891,13.189330204977479,6.2852664528441515,8.339469782404816,5.105929393026343,257.42565991015,5.2982593913963125
9.141833445383062,13.271812421223325,6.3379876457577895,8.83420025697458,5.1426678797595295,260.79219994661213,5.298649996502486
9.091112079180064,13.352395939107854,6.39720389313728,9.402513577498029,5.182046418495416,263.9479117014537,5.2995657134555545
9.040422257360332,13.43052740991112,6.462908267302864,10.050279566892767,5.223929463818538,266.8849802686605,5.301076021729335
8.989706510403531,13.5056958026903,6.5350429109522326,10.783036583068837,5.268167644183576,269.59644219073687,5.303249430590911
8.938902291541288,13.577447776514587,6.613496321243831,11.605947306645328,5.314595890578666,272.07620972466873,5.306149984626534
8.887943346220647,13.645390575846456,6.698103776964191,12.523727656561567,5.363031701012289,274.3190707695571,5.309833980116701
8.836760617596823,13.709186674930184,6.788651873240002,13.540561503728368,5.413273979267377,276.3206992430873,5.314346918524734
8.785283304775172,13.768547291409513,6.884889226874882,14.660040855632532,5.465102526928163,278.0776887634882,5.319720988774606
8.733440979201067,13.82322952237602,6.9865430191007425,15.885129274396034,5.518279054909756,279.58758281962486,5.325973310142088
8.681166664477331,13.873036721869283,7.093334620025107,17.218121717846,5.572550258318796,280.84887899522255,5.333105384438856
8.628398751325,13.917816876007592,7.204987293118863,18.660595981029232,5.6276521404457895,281.86101575558513,5.341103967667274
8.575080029818249,13.957455815837884,7.321225814764671,20.21337396410666,5.683313947392853,282.624368787478,5.349942829950141
8.521155196956299,13.991867661039494,7.44177316393055,21.876508890323596,5.739260650173889,283.1402596234538,5.359585900123332
8.466569602098723,14.020986266322245,7.566349357521485,23.649302818311362,5.795214754691715,283.4109311380426,5.3699932545050535
8.411271057434849,14.044759250290417,7.694671934503889,25.53035380475957,5.8508990341902,283.4394713090656,5.381129323371975
8.355215064121015,14.063143689921217,7.826453728679092,27.517612958202662,5.906039706465352,283.2297234178931,5.39297099503787
8.29837137147074,14.076101624182225,7.961397131074823,29.608420567203932,5.960367895169457,282.78620169746085,5.4055134458911
8.240728513691957,14.08359534893935,8.099188862033298,31.79952183187849,6.013619130258669,282.1140030007549,5.418771822863985
8.182295511490798,14.085584527674794,8.239500019568446,34.087087641655295,6.065532753809954,281.2187225019513,5.4327784045838
8.123102424575547,14.082025928503239,8.381992086113643,36.466747270251894,6.115852621121331,280.1063953908243,5.447576644552385
8.063200744071459,14.072874101073907,8.526322975672775,38.93362199435392,6.164329259680263,278.78346702806095,5.4632141161327
8.002663350671144,14.058081193635374,8.672147067354308,41.48237594454935,6.210722642418647,277.2567642436405,5.479736170409901
7.941583280380356,14.037596758293187,8.819110890628078,44.10730337641582,6.254804331118164,275.5334514308857,5.497181102366333
7.8800704305984235,14.011371078976818,8.966849965438863,46.802411254530874,6.29635838945358,273.6210083380249,5.515577046845647
7.818247163038741,13.979363079316334,9.114988970433318,49.561466052494346,6.3351814085562586,271.52727281272956,5.534941163604911
7.756246720883752,13.94154803224182,9.263145599633841,52.37804239390234,6.3710824818835246,269.2605068970156,5.55528139241122
7.694216659553647,13.897920625274018,9.410939143024686,55.245580748974085,6.403883271430009,266.82939523352127,5.576599470645051
7.6323231710116035,13.848494299407843,9.558001834321793,58.157413437826456,6.433417331733849,264.242965357627,5.598892767167842
7.570750752374536,13.793300655284021,9.703986840151249,61.10678119014184,6.459528566679899,261.51050283132525,5.62215403859836
7.509696969808498,13.73239283282067,9.84856862001526,64.08690391483317,6.482070087551364,258.6414985892358,5.646370717391445
7.449365862485129,13.665852591556995,9.991437993400565,67.09108159089725,6.500904636429215,255.6455972788265,5.671525325143719
7.389962640018337,13.593794567533024,10.13230068801808,70.11273459406594,6.515906413021961,252.53254388232023,5.697596396066845
7.331689655532333,13.516363375241829,10.270890932627179,73.14535652699831,6.5269633329289425,249.31218440694207,5.724558045352671
7.274742944523399,13.433727053626917,10.407000850439779,76.18242850763508,6.533979048664497,245.99452633042014,5.752377632986645
7.219311180025456,13.346071678302506,10.540507272411613,79.21734256496553,6.536874595218679,242.5897994814836,5.78101287145698
7.165579052931502,13.25359781082865,10.671384097635967,82.24335712047021,6.535589822273332,239.1084941627322,5.810410168124808
7.1137320314039565,13.156517137033019,10.799717552105346,85.25359114728488,6.530085017488503,235.5613751267451,5.8405052375335424
7.063957682663354,13.055050114630122,10.925739511908981,88.24104370504536,6.5203427740244795,231.95944482377865,5.871225433817715
7.0164434766369235,12.949429749149973,11.049860174264186,91.19862725522883,6.506369326187559,228.313850057906,5.902492103207473
6.971374725770682,12.839912852477262,11.172674079574136,94.11922112275082,6.488194591655712,224.63575233561494,5.93422170211033
6.928936048615766,12.726789860332133,11.294940121406627,96.99573621202943,6.4658707271889275,220.9361848005413,5.966325625824718
6.889316349143374,12.61038445182173,11.41755684970426,99.82117018743381,6.439469338461392,217.225934052627,5.998710080220559
6.852713040275547,12.491045076293998,11.541545956815087,102.58867267073545,6.409078297372587,213.51547521487942,6.031277353882532
6.819331899218129,12.369137026669014,11.668034840310925,105.29164048481245,6.3747996313189095,209.81494393510647,6.063927541882781
6.789383339649923,12.245043730567406,11.798232331669702,107.92380463281877,6.336748849665756,206.13411297530678,6.096558854364295
6.763077298741194,12.119180240602374,11.933407935959115,110.47929498139342,6.295054896818637,202.4823622371844,6.129066771425552
6.740617615890261,11.992009750700658,12.074874589412714,112.95271577029108,6.249860058451049,198.86864411276426,6.161343362397798
6.722195822362971,11.864050570110262,12.2239681266195,115.33920495142789,6.201319542275628,195.30144312970458,6.193276760435975
6.707983887964427,11.735875641537573,12.382040853482147,117.63442630357997,6.149600241015643,191.78874464042187,6.224750377074845
6.698126258856537,11.60811861840791,12.550484253180965,119.83451815384265,6.094878291387265,188.33805533195059,6.255642606394925
6.69273337671388,11.481491447634243,12.730753284525482,121.93604658562184,6.037336220627146,184.9564787937546,6.285828028275929
6.691879260236743,11.35680251051059,12.924361619930119,123.93596886617752,5.977161148677315,181.65077639409952,6.315179958888256
6.695602749784051,11.234961887405152,13.132855277199111,125.83159902745484,5.914544279188728,178.42738179394587,6.343573385405885
6.703908910486779,11.116969231443404,13.357784002497043,127.62059025172192,5.849680493159128,175.29240241569386,6.370887488900895
6.716768543158299,11.003888605041336,13.600683158598946,129.3009412538401,5.78276721090113,172.25159862201443,6.397007245734238
6.734116737363008,10.896817611409125,13.863070264948494,130.8709949922809,5.714002803140836,169.31031171065675,6.4218238416164395
6.75585165568324,10.796856127667956,14.146442123823043,132.32941319782108,5.643585331444201,166.47336783741002,6.445234108291375
6.781834112330233,10.705077657831621,14.452263889488796,133.67516431507863,5.571712655880368,163.74499476313633,6.467139849002799
6.81188812281083,10.622505212257591,14.781959967249916,134.9075498783345,5.498584325776147,161.12876043921344,6.487447897484802
6.845802281749661,10.55009253921493,15.136902878415698,136.02625056419564,5.424403663557914,158.62755198973005,6.506070368288109
6.883331702125854,10.488711038058874,15.518385620989768,137.03138904682046,5.349378061420116,156.24363377719027,6.52292397546875
6.924199881613201,10.439142808236692,15.927580802474234,137.92360799785413,5.273718071953949,153.97877296425182,6.537929280142659
6.968100655953389,10.402078345390686,16.365496274948548,138.70411385566743,5.1976374134536645,151.83433840808632,6.551012871722259
7.014701991633916,10.378113802360469,16.83293722654082,139.37466678381858,5.121354114806124,149.8113095672482,6.562113796222186
7.063653146841279,10.367743953420113,17.33050322068907,139.93758137677574,5.045091337182971,147.91023538531525,6.571190752688388
7.114594350345396,10.371353484480364,17.858642674835266,140.3957758175332,4.969077766091282,146.13119797963074,6.578225978151411
7.167165271332566,10.389212853979393,18.41773263934653,140.75280171678995,4.893548305807583,144.47378294842406,6.583226742095143
7.2210087104165375,10.421481581388736,19.00812422065562,141.01278297411898,4.8187440427916375,142.93704593808226,6.58622727242557
7.27576979419195,10.468215206424862,19.630136533559753,141.18028915842,4.74491010632315,141.5195008457524,6.587290021120303
7.331093828281177,10.529370076977001,20.284023103169076,141.2602142377721,4.6722925124584185,140.21915636998438,6.586503357925455
7.386625410281087,10.604805161789383,20.969942142722253,141.25770616065023,4.601136252576868,139.03357363531393,6.583976088997863
7.442009144512989,10.69428421278388,21.687980000672827,141.1781693495962,4.531684691793879,137.9598983925288,6.579831217039839
7.496890584071416,10.797479632391184,22.43825699800228,141.027316710559,4.464178277340412,136.99486034184443,6.574200122842342
7.550916409028375,10.91397736160901,23.22104667220992,140.8111873510789,4.39885188623366,136.13476429433277,6.567217723476916
7.6037349405794625,11.043283293255886,24.036807365791617,140.53608101545285,4.335932051976598,135.375496901992,6.559019047695861
7.654998829419386,11.184831049832704,24.88611831760076,140.20846623503988,4.275634816715409,134.71255370727405,6.549736889435971
7.704369481394711,11.337989882497798,25.769580072817824,139.83493782454607,4.218163997303833,134.1410817559996,6.539499975158996
7.7515213386834025,11.502075593383159,26.687721334146296,139.4222186735313,4.163709552142303,133.65593425905726,6.528431312756673
7.796146102500872,11.676367597238983,27.640924692916403,138.9771516350738,4.112445793747742,133.2517280826588,6.516646314282561
7.837957504628237,11.860127228837719,28.629375995116366,138.50666114738445,4.064529785620838,132.9228895408178,6.504250501590235
7.876694535956641,12.052611366666902,29.653037747201825,138.0177096943135,4.020100740093558,132.66368019379385,6.4913373262402425
7.912121177945303,12.253083506815473,30.711633639951685,137.51726769550197,3.9792802547747357,132.46821869342105,6.477986944091981
7.9440238118842625,12.460831370194791,31.804633067388632,137.01229120962878,3.9421724283176105,132.3305267092388,6.464266208950661
7.972207985502807,12.675198045346178,32.93124784094191,136.50970179855017,3.908863616824977,132.24460130282495,6.450229402781906
7.996495245356166,12.895617617777656,34.09044949544087,136.0163671671929,3.8794221849511077,132.20449739912414,6.435919024470654
8.016721156214691,13.121634379170338,35.280983884423286,135.5390807764208,3.8538982710561096,132.20439943127465,6.4213662177364
8.032735131939896,13.352896542332282,36.501366394811946,135.08453385417994,3.8323231769870807,132.23865978727227,6.40659104384836
8.044401065657986,13.589136062740042,37.74987783819874,134.6592658115745,3.814708343683476,132.30180408776542,6.391603311241981
8.05159791759194,13.830150528982546,39.024576712614135,134.26959373234172,3.8010447024621157,132.38851757955536,6.376404532512008
8.054220520654184,14.075791330712384,40.323309486239914,133.92154684517388,3.791303041327281,132.4936193779716,6.360990910679767
8.052180810571373,14.325959676290772,41.64370098932636,133.62082251028048,3.7854349427918734,132.6120344954321,6.345356170252099
8.045409368838332,14.58062621887829,42.98313855851693,133.3727422342242,3.783373379466886,132.73878022683934,6.329493130960492
8.033857179178318,14.839881960150839,44.33877623262146,133.1821784682962,3.78503290489334,132.86898152194598,6.313394363913367
8.01749805107516,15.103985731213712,45.70756210500218,133.05346414113342,3.790310479254932,132.9979199729241,6.297052223278983
7.996332605986972,15.373367350917754,47.086266974057146,132.9903259676436,3.799087225401686,133.1211038280659,6.280457962648217
7.9703933050521965,15.648596779826338,48.471519416852324,132.99585533933296,3.8112298495738712,133.23433584263006,6.263600799038069
7.939748307716566,15.930352557825856,49.85990274686445,133.07250294306724,3.8265908346757103,133.3337570210987,6.2464683074524086
7.904502102028008,16.21939453655329,51.2481208041517,133.22209582736915,3.8450077835565835,133.41585467407785,6.229048031977019
7.864792635691191,16.516533576546422,52.63312813989266,133.44587560637024,3.866302778567125,133.47743679524586,6.211328978538719
7.8207872278280055,16.822602599337614,54.012142437274164,133.7445335956341,3.890282465517823,133.5155889616611,6.193302171170506
7.772679823744891,17.138430823940688,55.38258561776504,134.11822262683694,3.9167388861657195,133.52764140903074,6.174960567761206
7.720689360272906,17.46482116270989,56.74204268790625,134.56657113020663,3.9454506592493956,133.5111602988324,6.156298994416109
7.665057408470148,17.802552783840568,58.08826673090892,135.08877365161752,3.9761845828316273,133.46394873573718,6.137314771250156
7.606044695018062,18.152437571840654,59.41919824066864,135.68378248140013,4.008698249929378,133.38404218171402,6.118009565276406
7.5439278241474845,18.515414453481466,60.7329659287649,136.3505029211441,4.042743327793675,133.26969652793056,6.098392070969963
7.4789971424719015,18.892619394789868,62.02786551814331,137.0878913924585,4.078067982317242,133.11936226595148,6.078479956266706
7.411554872550753,19.28539122772637,63.30232316286945,137.89495563409844,4.114418439599862,132.9316408984485,6.058299539282053
7.341912256995988,19.695232962732113,64.55485125702496,138.7706996917168,4.151541451652186,132.70523893989005,6.0378834731775415
7.2703867369152935,20.123761842885038,65.78401830962824,139.71404541421992,4.189188277099797,132.43893212496394,6.017268869243777
7.197302844043069,20.57265996644779,66.9884680796995,140.72374832772903,4.227119425429687,132.13154158349028,5.996497835028405
7.122998657273811,21.04363868790834,68.16698884183772,141.7983268701089,4.2651096675455324,131.78193513516658,5.975619289308283
7.047832999492289,21.538423981106558,69.31857390225314,142.9360419783293,4.302952895982896,131.38906005466248,5.95468961098795
6.972186708942599,22.05873902912396,70.44244137154811,144.1349539011261,4.340465408730433,130.95197750502444,5.933771907878973
6.896457657900722,22.606272726509317,71.53804341582908,145.3930118878265,4.377485800401068,130.46986991769026,5.912935109493837
6.821053970707314,23.182655195879867,72.60507465951244,146.70808181818884,4.41387193411808,129.94202853890994,5.892252652315605
6.746388707415994,23.78944674823912,73.64346435154948,148.0778811491468,4.449497736588545,129.36783633486857,5.871799629901303
6.6728758151589105,24.42813258267051,74.65335708302892,149.49987360142973,4.484251383727565,128.7467514440954,5.851648736565145
6.600925407642891,25.1001347065304,75.6350907838411,150.97117128388618,4.518034237452286,128.07830245405944,5.831866517354121
6.530937890079785,25.80686595422501,76.5891694414593,152.48846124613533,4.550759322364047,127.36211166455679,5.812510886891689
6.463298187286507,26.54981242371841,77.5162238375011,154.04796132440205,4.582348769552612,126.59794464389309,5.793630276677655
6.398371241564003,27.330568678679157,78.41696158267354,155.64539729022567,4.612730864075715,125.78576534604571,5.775264134768223
6.336498767603126,28.15078929074112,79.29212343976585,157.2760006727409,4.64183790248911,124.92577685839288,5.757443986533766
6.277996017647683,29.01211761382533,80.14246419705485,158.93456523498608,4.669605697094497,124.01843523943835,5.7401950764226015
6.223147679271634,29.916136826417066,80.9687510516219,160.615587120867,4.695975109566651,123.06443560593661,5.72353873019593
6.172203429065678,30.86431793218753,81.77174651014893,162.31342162954144,4.72089466954735,122.06468165867413,5.707494453217618
6.125373852479088,31.85794932700634,82.55216772587477,164.022364769663,4.744322131366001,121.02025067284855,5.692080693351923
6.08282744421091,32.89806786683965,83.3106633823398,165.73666265922904,4.766224722867753,119.93237145755661,5.6773142295455115
6.044690069588865,33.985403703583025,84.04783190668476,167.45051523498807,4.786580344588129,118.80243137972309,5.663209397964286
6.011047429808894,35.12033613845161,84.7642443005431,169.15809667244264,4.80538032493766,117.6320001421479,5.649778283787332
5.981948888529988,36.30285933209468,85.46043732840896,170.8535608091459,4.822631351758892,116.4228461270619,5.637031292896951
5.957410615498275,37.53256451527969,86.136893095127,172.53102139829954,4.8383550565760265,115.17694556738599,5.624976941378211
5.937417877998746,38.808643319353926,86.7940323047384,174.18454024705667,4.852586486529691,113.89650205531734,5.613620605734692
5.921927303621528,40.12989871123671,87.4322287521502,175.80815604380382,4.865373440295015,112.58398246978521,5.602962721071239
5.910868838242595,41.494744388415064,88.05183714165332,177.395982991003,4.876777047105096,111.24214646104238,5.592997378409772
5.904146366496687,42.90120363042948,88.65322223091178,178.9423824106042,4.88687197977716,109.8740369666883,5.583711956574853
5.901636988825401,44.34696018648423,89.23679420094362,180.4421217723363,4.895744994476415,108.48293461066237,5.575087477142462
5.903190736029785,45.829487962567484,89.8030600502192,181.89041848780053,4.903492521179819,107.07230620604741,5.5670991444033
5.908632844905613,47.34618721716738,90.35267849044943,183.2828688733883,4.910218591640396,105.64576134840443,5.559717168946413
5.917768385393009,48.894435261566066,90.88649473085394,184.6153335071428,4.916032932669019,104.20701663159325,5.552908490824941
5.930386450178157,50.47155427817197,91.4055387704907,185.88384910636367,4.9210478650665905,102.75986510380217,5.5466390748555865
5.946262447013227,52.07475433546913,91.91099099705984,187.08461442464747,4.9253736003353845,101.30813920887876,5.540875144665237
5.965161936493111,53.70109085042202,92.40414317474027,188.2140402312256,4.9291131253382146,99.8556589939803,5.535582852519689
5.986849875435457,55.347452352772216,92.88637623334475,189.26879219402332,4.932357930191006,98.406175845405,5.5307280332412745
6.0111020822717265,57.01056944534704,93.35914700996659,190.24578205595353,4.93518532298518,96.96332500693312,5.526277791986761
6.037712348616612,58.6870153576029,93.82397183819144,191.142157171239,4.93765777760552,95.53059326173104,5.52220355930494
6.066493420140014,60.37319087997995,94.28240340444404,191.95534417513497,4.939823966629332,94.11131162174988,5.518483389514402
6.097275648736923,62.06532748607639,94.73599877173642,192.6830982841218,4.941720352216879,92.7086747968701,5.515102375198078
6.129922971801464,63.75952859824493,95.18629978768308,193.32348193966752,4.9433724039143625,91.32576795089064,5.5120524567079086
6.164406960122518,65.45181894472387,95.63484677555113,193.8747835651837,4.944795636796608,89.96558251316776,5.5093338990869904
6.200946137024255,67.13818094522993,96.08318604970675,194.33543484086715,4.945997306946231,88.6310129828445,5.506959175741604
6.240142286623421,68.81459348151348,96.53282711545184,194.7039578936015,4.9469786217862834,87.32483309741221,5.50495656564821
6.283039512637246,70.47707061372286,96.98518351519753,194.9789495371548,4.9477363901275595,86.0496674924203,5.5033704549112485
6.331115937470444,72.12168332510002,97.44154596959066,195.15910380463984,4.948263513790382,84.80797443006024,5.50225838182945
6.386304203264024,73.74457283361272,97.90307323278353,195.2432581777806,4.948548530002183,83.60203250882712,5.501686001783157
6.451100404016205,75.34196974844711,98.3707718127027,195.23043880137502,4.9485747991877105,82.43392078301184,5.501721245411722
6.528666254616539,76.91021841385749,98.84547101942782,195.11990112438528,4.948319830932435,81.30549179952926,5.502429677574857
6.622799294264045,78.44580848719006,99.32780428395343,194.91117148192842,4.947755013422442,80.21834381329326,5.503872272704211
6.737798701741192,79.94542323567943,99.81819300579119,194.60406724655536,4.946846226795006,79.17381047336247,5.506105204018747
6.878337989356868,81.40599893631358,100.31683242913,194.1986777822734,4.945555580656644,78.17298707742043,5.509181011399102
7.049386510655863,82.8247661601281,100.82368427095247,193.69534845089564,4.943843231701523,77.2167840708159,5.513150603422057
7.256140107884944,84.19925126487585,101.33847389708554,193.09473836520402,4.94166802011999,76.30597703517707,5.518064413928418
7.503921793026606,85.5272656412422,101.86069315652801,192.39796647601113,4.938987134355814,75.44123525621492,5.523971085916093
7.7980685633446285,86.80692923044265,102.38962403021117,191.6067647604271,4.93575594062009,74.62312625471567,5.530914566618172
8.143835320887494,88.0367102607389,102.92438302286153,190.72352223047426,4.931929037102605,73.85209769317714,5.538931720524877
8.546305507174385,89.2154236257138,103.46395334242506,189.75120066771655,4.927462697804343,73.12844663644972,5.5480513610220275
9.010292650554888,90.34219971661757,104.0071801978095,188.6932309634518,4.9223174592789745,72.45229202197419,5.5582943286454745
9.54025607803959,91.41649020242032,104.55274603486743,187.55347962301713,4.916459827329797,71.82355933353637,5.569673481703297
10.140251780110638,92.4381105986614,105.09915228560736,186.33624411894198,4.909863636049421,71.24197230706741,5.5821930816792165
10.813901290032913,93.40724717469048,105.64470649154298,185.04619114383644,4.902511498080802,70.7070426032337,5.595849734404864
11.56435240870379,94.32440529531006,106.1875068970828,183.68823259069075,4.894395347240105,70.21806499451799,5.610637704052042
12.394229443102914,95.19034833085837,106.7254378959239,182.26740436484585,4.8855152738832945,69.77413050184015,5.62655688886444
13.30559703550663,96.0060650198155,107.25618707046631,180.7888166545576,4.875877250415528,69.37414943347925,5.643617809676624
14.299962054668287,96.77277770788737,107.77726864051088,179.25771403658877,4.865490527483511,69.0168771574568,5.661840673792463
15.378311195480654,97.49197891618124,108.28603903961647,177.67960577891103,4.854365346508644,68.70094954353594,5.681250961900451
16.541157745796028,98.16544050229139,108.77972124886713,176.0603554224631,4.842511898194539,68.42491647412439,5.701875226977736
17.788563214424872,98.79517016552353,109.25546738411799,174.40616952402112,4.829940858167733,68.18725110395896,5.723737815488686
19.1201161576383,99.38337106424004,109.71045496844393,172.7235231771028,4.81666506410057,67.98634388513092,5.746857047574493
20.534884926782553,99.93245232994238,110.14197563440027,171.01906802129682,4.802701685487678,67.82051430953847,5.7712407592289106
22.031372877145774,100.44505463312393,110.54749115282549,169.29952850804352,4.788073939068948,67.68805664206954,5.796882768332075
23.60748853203919,100.92402388667496,110.92466808942521,167.57158711964857,4.7728118538320015,67.58731493583433,5.823760579554765
25.260531891272702,101.37232532144725,111.27140444106988,165.84178230678978,4.756952914823012,67.51677691663375,5.851833348083677
26.98719787730011,101.79294216302382,111.58584206649091,164.1164413991162,4.740543534164479,67.47515085619432,5.881040383577216
28.78359609150945,102.18878388648207,111.8663565799106,162.40163537385664,4.723640888085054,67.46138500152672,5.9113012287947635
30.645282127660202,102.56260027149015,112.1115287406879,160.7031319913856,4.706314193078433,67.47465062730153,5.942517046657564
32.56730108439834,102.91690399110624,112.32011695872339,159.02634676078932,4.688645484989072,67.51433187738712,5.974572262133944
34.54425587256283,103.25392095743832,112.49107453646457,157.37629844001188,4.67073009589971,67.58000972586069,6.007335864263301
36.57040237914247,103.57558773360101,112.62362515632084,155.75757587589962,4.652676450774122,67.67141467858305,6.040662700542301
38.63974728973002,103.88358305101167,112.71732528580206,154.1743246966896,4.634604887257878,67.7883761627052,6.074395846176771
40.74613057664755,104.17935176305261,112.77205206759075,152.63024788846036,4.616645139689359,67.93081777567072,6.108370504011171
42.883301986785426,104.46411739673493,112.7879553404401,151.12861920942302,4.598932491605826,68.0988037187718,6.142418151448832
45.04499633542151,104.73892205343004,112.76543863175341,149.67232906241102,4.581603846327422,68.2925857771144,6.176368795411005
47.2249880583584,105.00468590511606,112.70516968361858,148.26395412085805,4.564794876310798,68.51259646317152,6.210050569267724
49.41711033723942,105.26223731846066,112.60807737610865,146.90580332066284,4.5486382346600465,68.75938863559824,6.243288396128684
51.615255181358535,105.51232611887788,112.47531808631354,145.5999177705975,4.533262527367727,69.03355968991792,6.275904226927488
53.81339200040309,105.75567014948035,112.30822962040253,144.34803904801936,4.518791652439196,69.33568067258526,6.3077193829666385
56.00562262611309,105.9930176087271,112.10828210243093,143.15156006413224,4.5053440433967245,69.66623771379915,6.338557499892652
58.18624178301676,106.22516788636307,111.87702112979409,142.01146856373484,4.493032254481435,70.02560411023826,6.368247238486277
60.34976549810257,106.45294927223878,111.61601323637905,140.92829195723343,4.481963780155794,70.414041933288,6.396625164981402
62.490930677362364,106.67722338845283,111.32681540724938,139.90205334682219,4.472242866770224,70.83170058699633,6.423538040338928
64.60469295452768,106.89897907489312,111.01097502317953,138.93226127880754,4.463972151526129,71.27859702892444,6.448842823025533
66.68624685246316,107.1194682840037,110.67004431701103,138.0179423701383,4.457253720812558,71.75459463681537,6.472404937586801
68.73106619330626,107.34026761128936,110.30558253911703,137.15768531887446,4.452190482299173,72.25939585206338,6.494097593420846
70.73493463881942,107.56323104068103,109.91913838991124,136.34968958491814,4.448889249872774,72.79254690881791,6.513803459953308
72.69394895649964,107.79039877120016,109.51224870529309,135.5918989418456,4.447465565602613,73.35344141329165,6.531416741856198
74.60450537884368,108.02392108575619,109.08647894621343,134.88224996883957,4.448047263776463,73.94131050891737,6.546843506634244
76.46328648820081,108.26600038484966,108.64346937328904,134.21888930530474,4.450773674646899,74.5552012497809,6.560001655592286
78.26725553934796,108.51883485435754,108.1849519962958,133.60022852396023,4.455791398984316,75.19395666241469,6.570823032571371
80.01365384266802,108.78456465598033,107.71274658617365,133.02488540585648,4.463249374282371,75.85620579075855,6.579256686858418
81.70001652026455,109.06522138116057,107.22874180780961,132.4916033421213,4.473293711633508,76.5403565299391,6.585270703059566
83.3242220159129,109.36267014145925,106.73486819184681,131.99918074944637,4.48606189213984,77.24459048979048,6.588852133890781
84.88453255471269,109.6785488203358,106.23309160856333,131.54641706295735,4.501677359114474,77.9668756244288,6.590006179498149
86.37958233757684,110.01422481763161,105.72542861180509,131.13207284535525,4.5202456217446905,78.70500440683236,6.5887552895787636
87.8083328797542,110.3707798000526,105.21394280495632,130.7548528933504,4.541851810976392,79.45664946050395,6.585137388443249
89.17002197756352,110.74900944607344,104.70071062428839,130.41342244202255,4.566559345892518,80.21941682041609,6.5792023168702976
90.4641238800968,111.14941851215413,104.18779083154092,130.10642565988366,4.594409008040552,80.9908804967484,6.571007546418496
91.69035947030093,111.57221638189023,103.67720739361859,129.83247433452138,4.625417033083201,81.76860995293647,6.560614992546075
92.84878015336004,112.01732841617196,103.1709185074532,129.59011981612653,4.659571782743594,82.55020210243404,6.5480889115953085
93.93989503113515,112.48441041615287,102.67076349688392,129.37782679907778,4.696830701134005,83.33330538771364,6.533493634044752
94.9647752622699,112.972842116828,102.17841174491431,129.19394421043208,4.7371202989668415,84.1156401194546,6.5168912041343265
95.92509357971419,113.48170319640558,101.69533489357876,129.03667647392032,4.780339997556335,84.89503124976484,6.49834020545516
96.82311476359955,114.00975557363118,101.22279773604654,128.90408207443977,4.826367055160988,85.669438904364,6.47789598457367
97.66165367339616,114.5554530711238,100.76186090523836,128.79411332978856,4.875059608590596,86.43696333334886,6.455610931602079
98.44399131323974,115.11698946824846,100.3134080638551,128.7046833018903,4.926258282651499,87.19582125182221,6.431533857485652
99.17377582179688,115.69236897743005,99.87819315000733,128.63374523348978,4.979788521071889,87.94431261689128,6.405709325639517
99.85495221254658,116.27945789733145,99.45687183628537,128.57936252512508,5.03546416337055,88.68081348483673,6.378177910136281
100.49170514736133,116.87599287389273,99.05000147262692,128.53973624510195,5.093090775046951,89.40380340220855,6.348976532826201
101.08837859115147,117.47956764679984,98.65802391316542,128.51318562619042,5.152467785056443,90.11189554097471,6.318138186071114
101.64937758570218,118.08765416825864,98.28124087558639,128.49810753505898,5.213390302245717,90.80385315797021,6.285691975591561
102.17906902503944,118.69768316375226,97.91978540913023,128.49293735520143,5.275651732146253,91.47859950381729,6.251663969592361
102.68168234414833,119.30712926568245,97.57359723596734,128.49613380800585,5.339047279974132,92.13521491687506,6.216078558753579
103.16121219914736,119.9135339809644,97.24240867405854,128.506237207381,5.4033770366631675,92.77291310731866,6.178960345958026
103.621341561022,120.51446713195155,96.9257421181603,128.5220197013082,5.4684471826098004,93.39100552809344,6.140335892733983
104.06541716947662,121.10746999834696,96.62291507778357,128.54263063430676,5.534069634751801,93.98886283331946,6.100234232432827
104.49648058181278,121.69002056870012,96.33304707365508,128.5676195999925,5.600061243184976,94.56587788537537,6.058686229691891
104.91729742049787,122.25954079651399,96.05506953019113,128.5968413801184,5.666243042975639,95.12143748280718,6.015723413938343
105.33033285214638,122.81343318143425,95.78775212175881,128.63032434916423,5.732440108922985,95.65490352884522,5.971376809959014
105.73769185856554,123.34912385065863,95.52974703179477,128.6681586169105,5.798481637454789,96.1655973131836,5.92567632901239
106.14107291455332,123.86411405642866,95.27962988821763,128.71041846576037,5.864199591449815,96.65278982765568,5.878650900157768
106.54176116902975,124.35604509504994,95.03593847023966,128.7571147292232,5.9294260662710725,97.11571082393671,5.830329339537829
106.94066007980972,124.82275862283282,94.79722970277616,128.8081682012754,5.9939916977517855,97.55357824495914,5.780741806062081
107.33834057674524,125.26233144438149,94.56213393251888,128.86340782682703,6.057725770959373,97.96562906659916,5.72992103081671
107.73507773398973,125.67307393305659,94.32937038489183,128.9226195675412,6.120456506628849,98.35113046677716,5.677902659645792
108.1308556613944,126.0534974233089,94.09773941619801,128.98563551595413,6.182011091086669,98.70936488250243,5.624725132744967
108.52534927635628,126.40227717639667,93.86612408089368,129.0523815157288,6.2422167241697375,99.03959948280094,5.570430267465414
108.91790888206819,126.7182363955977,93.633492460878,129.1228340633777,6.30090343496619,99.34106574731578,5.515065617661992
109.3075661173755,127.00035059832464,93.39888008993934,129.19693137945228,6.3579077533895525,99.61296765443741,5.4586883676003914
109.69306765748537,127.24774568747337,93.1613600769969,129.2744940731147,6.413075120316784,99.85450936902302,5.4013687709840505
110.07292659257894,127.4596740349936,92.92001902680025,129.35517077305886,6.466259328524887,100.06492892838804,5.34319124481937
110.44547058321248,127.6355050524253,92.67394262205781,129.43841682578494,6.517319414425695,100.24353704739346,5.284253646215181
110.80888517911542,127.77478722664499,92.42220330616114,129.52352672111996,6.566116016876343,100.38974922423056,5.224667226055475
111.16125874536665,127.87737707470139,92.16384806956009,129.6097155302371,6.612508997454329,100.50309035189704,5.164558604982136
111.50061090328356,127.94357607470951,91.89789785132194,129.69618837080057,6.656357089710681,100.5831778206342,5.104072393905544
111.82489364815494,127.97423879593968,91.6233653052875,129.78214868221036,6.6975192201634295,100.62971411312719,5.043372507255029
112.13199387970165,127.9708232701668,91.33928133551402,129.86676958609917,6.735856501210706,100.6425072555169,4.982641950869391
112.41975873940942,127.9353421259588,91.04471696939034,129.94916751904353,6.771234201063661,100.62151774195915,4.922081745420721
112.68602166298967,127.87023145742334,90.73879575725243,130.02837491899436,6.803523663127364,100.56692404017795,4.861908999225652
112.92861094642753,127.77821122131118,90.42071241645843,130.10330979778232,6.8326044215863355,100.47918141235996,4.802353752441321
113.1453548377491,127.66218089176702,90.08977284471733,130.1727855929837,6.858366167017328,100.35904305674046,4.743654579917739
113.33409153459911,127.52515372051126,89.74542856743949,130.2355840626138,6.880709873708834,100.20753949428735,4.686053781177672
113.4926824363539,127.37023305448984,89.38727151678015,130.29052859429447,6.899548623186032,100.02592744535183,4.629793116734417
113.61904076338848,127.2006223652117,89.01500534041834,130.33649266007401,6.91480897018787,99.81561986593827,4.575109920850455
113.71117713135223,127.01962690561898,88.62842978124122,130.37236480817967,6.926431905738239,99.57811614518816,4.522233178998863
113.76724474516311,126.83060562466372,88.22744079053396,130.3970359750803,6.934372380884915,99.31494858103495,4.471380051282115
113.78559464892021,126.63690684525517,87.81202362766928,130.40943276884207,6.938598195418757,99.02765087523463,4.422753230678675
113.76485836267469,126.44190296892614,87.38223540261413,130.4085526282857,6.939089055425879,98.71774484777559,4.376539441744688
113.70401880314054,126.24915051559846,86.93820239098689,130.39345465127462,6.935835776439085,98.3867289622343,4.332910393375624
113.60242321838358,126.06251884268904,86.48014426712358,130.36321656615308,6.928840287663163,98.03605755365768,4.292026806474367
113.45975147428408,125.88618407453626,86.0083995953787,130.31689709845674,6.918117092442612,97.66712164568543,4.254043527241071
113.27597522476675,125.72456972562948,85.5234305020738,130.25353015956784,6.903695472988397,97.28124767786309,4.2191128595712
113.05132578968929,125.58229150989371,85.02581905819348,130.17214194461928,6.885621300420779,96.8797107642012,4.187384618022715
112.78627946716512,125.46406512180351,84.51626561022871,130.07176537017813,6.86395779577095,96.46374293831911,4.159003226561763
112.4815545047907,125.37458174801523,83.99557680306687,129.9514745966396,6.838784995987866,96.03453743590244,4.1341036740101105
112.13809152096152,125.31842709886901,83.46464012034316,129.81047213580177,6.810198153503913,95.59326902113746,4.112807964780504
111.75700536101019,125.30007194950466,82.92439804829628,129.64817159045688,6.778305952882448,95.14112200861537,4.095221908809222
111.33953487465193,125.3238599312925,82.37582771817577,129.4642015168888,6.743229540781242,94.67930844013301,4.081431444768053
110.88700866096717,125.39394273626918,81.81992111760968,129.2583608880546,6.705102085186907,94.20909703930818,4.071499341000708
110.40081025964238,125.51424178465362,81.25766322863764,129.0306070262554,6.664067539755598,93.73187035217485,4.065464449724608
109.88233016517381,125.68850814283594,80.69001114063826,128.78108606029537,6.620278495283449,93.24917971430216,4.063343891980639
109.3329186087373,125.92040940180222,80.1178771730756,128.51014346754604,6.573894664462971,92.76275754187647,4.065135720101893
108.7538562101943,126.21353414498373,79.54211667277097,128.21827789525324,6.525082710008437,92.2744787363735,4.070820180440557
108.14635170081944,126.57129540402863,78.96352339488962,127.90606559893675,6.474016076324523,91.78629794047889,4.080360369921519
107.51157563300347,126.99677697794496,78.38283674126018,127.57411116885969,6.420874407778386,91.30019470958955,4.0937033509836125
106.85071609256164,127.49257628345222,77.80075491941278,127.2230952611936,6.365844657033446,90.81813494993474,4.11078109611629
106.165011789178,128.0606942837523,77.2179402607401,126.85392880283754,6.309124349473496,90.34205464391601,4.131510075006555
105.45574109739611,128.7024912486947,76.63501629685891,126.46788882276276,6.250923821980783,89.87387147212637,4.155789353552923
104.72419110603836,129.41867706139067,76.05257171323957,126.06662567383002,6.191465261140454,89.41549428632426,4.183498481345634
103.97163049168142,130.20928681503202,75.47117418634197,125.6520752558514,6.130979666491225,88.9688039137272,4.21449689313366
103.19928612256848,131.07365176906114,74.89137606333975,125.22635811544201,6.06970296839795,88.53563020648954,4.248625394535049
102.40832070487657,132.01046348330792,74.3137039362689,124.7917214757802,6.007871511141877,88.1177533386319,4.285708534855919
101.59982133055819,133.01798864613184,73.73864852964267,124.35054147145155,5.945717901432866,87.71691806199841,4.325556601642577
100.77480922539127,134.09435610085723,73.16667940312509,123.90533633100584,5.883468442507424,87.33483833214632,4.367967969153149
99.93426476844088,135.2377908494786,72.59830277826823,123.45873141689665,5.8213421763671995,86.97318513825012,4.412732660497885
99.07915046134242,136.44670748904656,72.0341438301287,123.01339661206049,5.759551795293434,86.6335599928428,4.459635363566104
98.21041758920258,137.71967067828263,71.47499707692172,122.57204695941245,5.698307412894954,86.31745448210793,4.508456065641817
97.32899794750797,139.0553360287388,70.92182198689953,122.13755725076604,5.637821916605019,86.0262035427325,4.558969152773384
96.43580666673674,140.45243337547566,70.37571321690156,121.71312200504137,5.578313846444426,85.76095973378689,4.610942640867914
95.53177541227052,141.90973802504496,69.83786821112069,121.30234283785083,5.520005479561792,85.52270824445392,4.664138221034246
94.61788860628528,143.425994500425,69.30956117637153,120.90918142610118,5.463117969695807,85.31231363752742,4.718311849797983
93.69518915592369,144.99982635674004,68.79214409803161,120.53780143176601,5.40786673310003,85.13057628711876,4.773214248320957
92.76476815823267,146.62965874143538,68.28708412515263,120.19237651914291,5.3544588739768155,84.97827203269851,4.828591063971599
91.82776408608191,148.31363419012024,67.79601310280673,119.87692241329418,5.303092590000587,84.85616168840221,4.884182634699456
90.88536448440777,150.04949988132708,67.32075052665495,119.59516769706423,5.253956715153586,84.76497817510435,4.939723586215737
89.93880308495156,151.83448849088376,66.86327999924256,119.35048250668454,5.2072287591558615,84.70539424470003,4.994943536276456
88.98936287557657,153.6652346709188,66.4256954609361,119.14587276718113,5.163072841122014,84.67797834637419,5.0495697901383405
88.03838237421007,155.53775036741283,66.01014487926844,118.98398359476428,5.121639474564495,84.68316401047875,5.103330679822284
87.08725034426159,157.44746080675023,65.61877961095723,118.86705231321471,5.083065790591781,84.72124648461956,5.155958026529964
86.13739132684132,159.38929165576977,65.25370864839961,118.79682261220756,5.047474226495696,84.7924048944653,5.2071896638804835
85.19027022676019,161.35778832293616,64.91696099527617,118.7744610663034,5.014970265091048,84.89673775197238,5.2567734597497
84.24743187295755,163.34724860386936,64.61045627979831,118.80049686774228,4.985641076171669,85.0342758832579,5.304471948025563
83.31053521714503,165.35186513766922,64.3359795213031,118.87479496803029,4.959557097998614,85.20495224794799,5.350065610430007
82.38133875344404,167.36585023759096,64.09515383318144,118.99657608559636,4.936776678689645,85.40856536285816,5.393354176685978
81.46165824699123,169.3834821865411,63.889409581768945,119.16447788401945,4.917350431840924,85.64477457004185,5.434156408640711
80.55333238786902,171.39906567484414,63.7199662219424,119.37662224784997,4.901322306286561,85.91311299242012,5.472308910636554
79.65818986831242,173.40686074321803,63.58783808494269,119.63067976896575,4.888727822527546,86.21299749973845,5.507664697631411
78.77800690399621,175.40102741317034,63.4938425724792,119.92395301707302,4.879591116738556,86.54374119088168,5.540092529360848
77.91447434070385,177.37562293898299,63.43858988332289,120.25347331722548,4.873921750731913,86.9045661996307,5.569477684243958
77.06918685370451,179.3246566538694,63.4224603303386,120.616104629615,4.871712619699228,87.29460622237055,5.59572388317972
76.24364389593434,181.24214311742725,63.445581894638806,121.00865353557874,4.872940704336049,87.7129064096353,5.618755155662566
75.43927688511772,183.12211449643326,63.50782269896876,121.42794111696834,4.8775705522328385,88.15842853371927,5.6385161196483
74.65752166288276,184.9586254472006,63.60880701775911,121.87080437631104,4.885557905836835,88.63004302615599,5.654970132112902
73.89988670586366,186.74577872753775,63.747938551097434,122.33405945637857,4.896851363240479,89.12648987005488,5.668096801690705
73.1679558360172,188.47777048734935,63.92440995828367,122.81446792869077,4.911392005133355,89.64632606567355,5.677890364657932
72.4633430759079,190.14894896633592,64.13720016520494,123.3087189727168,4.929111512506169,90.18788946076961,5.684358375504902
71.78764676563723,191.75386249471137,64.38507986239875,123.81343020315848,4.949929368440869,90.74928460543175,5.687520259506514
71.14241384449879,193.28729377452234,64.66664143851541,124.32517149855882,4.973750054495771,91.32838080405554,5.687406308897243
70.52910478140926,194.74431174154194,64.98033988283326,124.84050087040636,5.0004609886537965,91.9228168456997,5.68405677782965
69.94905141971756,196.12032461572238,65.32451231945899,125.35598639279401,5.029931804089985,92.53002214066552,5.677520928836976
69.40341080834071,197.4110867042087,65.69736612755406,125.8682178542491,5.062015435159323,93.14728570963013,5.66785726544614
68.89313037857436,198.61268508055383,66.0969568660419,126.37384012015654,5.096550546087313,93.77188313264848,5.655135394842684
68.41893102241399,199.721567747472,66.52118476715908,126.86960166825739,5.133364085043314,94.40120396184291,5.639438632627735
67.98129851018192,200.73459752741616,66.96782171366007,127.3523744679542,5.172273642461803,95.0328103328909,5.620866202049234
67.58047734345739,201.64907294614625,67.43454753255931,127.81913930068235,5.213090165017769,95.66442015092134,5.599533824687507
67.21647058958503,202.4627139411749,67.91896378477207,128.26697280946073,5.255620383494598,96.2938561621907,5.5755721545986265
66.8890487645913,203.17365511007367,68.41858736172577,128.69304800583015,5.299667757026739,96.91899705293251,5.549123866810577
66.5977652315651,203.7804618550327,68.93085322000084,129.09463049174516,5.345032742009095,97.53773856620238,5.520340900843071
66.34196847903345,204.28214171589838,69.45313635626361,129.46907954682942,5.3915140047804995,98.14796073539578,5.489382542199417
66.12080252201321,204.67812928578687,69.98277937959766,129.8138827032774,5.438910392380888,98.74749933311286,5.4564136676383175
65.93320095500091,204.96825164558965,70.51712335200963,130.12670943351864,5.487022276083815,99.33412062033543,5.4216026027213315
65.77788606720851,205.1526837353362,71.05354640076827,130.40544325327264,5.535651553283154,99.90550931419524,5.385119233413025
65.6533706118883,205.23190603037594,71.58949708331485,130.64819307654446,5.584600967178353,100.45928089509167,5.347134163380978
65.5579542706926,205.20667934302048,72.12252141103417,130.85330285901009,5.6336737016098555,100.9930045480718,5.307819138789015
65.48972737606363,205.07802472975382,72.65029747275047,131.0193405648729,5.68267294520037,101.50421695051486,5.267348491919112
65.44661258831299,204.8471883286567,73.17066056858498,131.14504933077166,5.731400499808108,101.99042850654732,5.22590043303953
65.42644665530922,204.51560094969017,73.6815988229458,131.229289402768,5.77965613360211,102.44912806854595,5.1836569656500995
65.42705229371956,204.08484638339885,74.18123756993073,131.27100724883644,5.827243519600247,102.87778920514613,5.140802668329885
65.44625790112856,203.5566419793831,74.66783482724436,131.2692489101784,5.873985098995594,103.27389468973105,5.097523239944078
65.48187928737798,202.93285664946896,75.1397924701358,131.22321513130714,5.919737313769819,103.63499232364529,5.0540041396672
65.53170332135221,202.21557271679524,75.5956803409482,131.13232390398068,5.964396630937811,103.95876807457792,5.010429321286419
65.59350630526824,201.40712817390866,76.03426941747327,130.99623850147984,6.007897362832818,104.24310831499365,4.966979790310665
65.66511303844261,200.51011102228375,76.45457134394547,130.81485390258857,6.050209966373332,104.48612703995094,4.9238313611869335
65.74445935517782,199.52740253118878,76.85586855717078,130.58826471931135,6.091349875337725,104.68615873615475,4.881151664942023
65.82961599475475,198.46232528826536,77.23770832781292,130.3167406178527,6.131404866653528,104.84174568014544,4.839097412801685
65.91877229484028,197.31877592865416,77.59985705356146,130.0007212565232,6.170588337277719,104.95164027782205,4.797812599760747
66.0102085868538,196.10124733855528,77.94224032026068,129.64082314405087,6.209312742869013,105.01481976397994,4.757427785650668
66.10229069940932,194.814795055211,78.2648920354344,129.23784292041125,6.248245976450114,105.03049905055136,4.718060412375232
66.19349583868761,193.46497824251102,78.56791841121888,128.79275055659062,6.288324067080256,104.99812350543402,4.6798156989407325
66.28243877953072,192.05774423340213,78.85147424171727,128.3066762801682,6.33075066746159,104.9173401502277,4.642787729225702
66.36787067724863,190.59927983301412,79.11574310180409,127.78090541521533,6.37701572732929,104.78797244189937,4.607060955306683
66.44866453162925,189.09587572258525,79.3609110664993,127.21689283906858,6.428909332498755,104.61001980499108,4.572712153945692
66.52380658494346,187.5538036542277,79.58713535468621,126.61628024085411,6.488497227704967,104.38367396451739,4.539812044789305
66.59238790322023,185.97919065812007,79.79451918564409,125.9809022456909,6.558070656701616,104.10933010402013,4.5084259289820645
66.653593480651,184.37790180877053,79.9831002183479,125.31280405047029,6.640098389959315,103.78757904899132,4.478613789438264
66.70669798273207,182.7554524590212,80.15285524443925,124.61427081106527,6.737177431806214,103.41918403923626,4.450430899295832
66.75106096704047,181.11695385745645,80.30371787458209,123.88781972808806,6.851966353635333,103.0050580162586,4.4239295120932
66.78611426138079,179.467098468127,80.43559588394983,123.13613496519167,6.987117635202683,102.54625199390642,4.399160862263572
66.81136951255,177.81019311416986,80.54838449675336,122.36198428640611,7.145260501689558,102.04395224983017,4.3761760266287055
66.82646486814551,176.1502138788097,80.64198697861168,121.56816498998076,7.329061703935803,101.49948107999884,4.355025295895852
66.83120784620749,174.49085035778643,80.71634340230098,120.75751613395948,7.541318029097347,100.91430649728755,4.335756880100075
66.82556718393894,172.83555465502397,80.77145823180318,119.93298961730508,7.785005741470634,100.29006697877142,4.318415633890457
66.8096281732852,171.18764137980443,80.8074170485596,119.09769372582228,8.063257217013607,99.62859252106634,4.303041956533832
66.78355515434966,169.55044626098794,80.8243818566948,118.25484260871801,8.3792978702873,98.93189686562502,4.289670855916572
66.74758304173868,167.92747459178216,80.82256566962972,117.40765063330124,8.736399855551733,98.20215026997789,4.278331166091012
66.70202517008349,166.32246930843039,80.80219845006768,116.55924781928927,9.137860074513164,97.44165871361076,4.269044772855367
66.64726579999335,164.73940734237814,80.7634944480103,115.71266065284092,9.586960986943911,96.65284701429984,4.261825458989123
66.58372594433412,163.182465200294,80.70662549114455,114.87084955516305,10.08691061981911,95.83822925562251,4.25667719611053
66.51182571972166,161.6559735639515,80.63169886063162,114.03674596307387,10.640802178965332,95.0003713725159,4.25359270166972
66.4319667289622,160.16437648738628,80.5387376342346,113.21324568785064,11.251593580607063,94.1418573374832,4.252554144274691
66.34453747824686,158.71219540551715,80.42766905757176,112.4031599898932,11.922065686719224,93.2652572923995,4.253536953429253
66.24994331553397,157.30396343031936,80.29832643558952,111.6091447699284,12.654750546169286,92.37310060510816,4.256514340973008
66.14866013511853,155.9441125217495,80.15045971568334,110.83363664278494,13.451859310978238,91.46786907896215,4.2614589399743705
66.04128827252396,154.63684131219725,79.9837521455686,110.07881607325862,14.31522669354871,90.55201372235003,4.26834124997249
65.92857604951541,153.385989464405,79.79784859411043,109.346594654437,15.246269400679898,89.62797494666806,4.277127401080209
65.81139993307606,152.19492442392647,79.59238902717007,108.63862034997679,16.245969119449754,88.698185889972,4.287777760867283
65.69070852497237,151.06645135978508,79.36702762302826,107.95629384895908,17.31490329845136,87.76505694498408,4.300245719465689
65.56745322485827,150.00277943491957,79.12142982606663,107.3007844134016,18.453322454756005,86.83094569386974,4.314475703133494
65.44253278025975,149.0055857834109,78.85525593791256,106.67304358654417,19.661229560565424,85.89811530084725,4.330401281934657
65.31677482408094,148.07616677789684,78.56814150308935,106.07381546240542,20.938406179885735,84.9686960196773,4.347945567503486
65.19095392659355,147.21561235353985,78.25968063971392,105.5036376435714,22.284376474262043,84.0446758413002,4.367024162697572
65.06581234544953,146.42497066850453,77.92941540696732,104.96283476715739,23.698348480429683,83.127926118305,4.387547850318329
64.9420655525471,145.70539100791243,77.5768316074844,104.45150425409169,25.179164357254674,82.22023000090358,4.409422998348166
64.82041188205856,145.05818670713128,77.20136110529623,103.96949700927148,26.725266566185663,81.323290876117,4.432550914497992
64.70154914224784,144.48477493189569,76.80239439659836,103.51640746700794,28.334688819702464,80.43874518322721,4.456827717399278
64.58617451683699,143.98652994933332,76.37931169849774,103.09157889699308,30.005081023720887,79.56820034839352,4.4821442351520195
64.47496092039805,143.5646121012459,75.93153446432414,102.69412609071107,31.733751163468035,78.71326879479565,4.5083848552756365
64.3685229536698,143.2198222606133,75.45858667943072,102.32298170035351,33.5176908015565,77.87556190996665,4.535425416114701
64.26738138453132,142.95253780768383,74.96015835325692,101.97695192983554,35.35357473323775,77.05665014500077,4.563131045405186
64.17192741846269,142.76275416396513,74.4361661184803,101.65475587964316,37.237752334968114,76.25801713750765,4.591354689028987
64.08238919262672,142.6501847325571,73.88679119555103,101.35504799737922,39.1662496945558,75.4810210362466,4.619937061406455
63.99880776225354,142.61434713233336,73.31247653325858,101.07644092926164,41.13479034000534,74.72686882596219,4.648708724682295
63.921029862417136,142.65457839721037,72.71389026119128,100.81754231377434,43.13882869327993,73.9966190094181,4.677493480094252
63.84872594292965,142.76996476627866,72.09187748100297,100.57700314692786,45.17358267784061,73.2912124865641,4.7061108893962915
63.78145658577872,142.95923443760216,71.4474187624416,100.35355833274845,47.234055888078025,72.61149563739927,4.734377377011994
63.71879290026557,143.2206721063523,70.78160199366728,100.1460694062447,49.31505412234825,71.95821068794865,4.762107519420814
63.660428711666434,143.55208473685752,70.09560224000359,99.95360143956614,51.411210173676004,71.33197369037973,4.789116286718955
63.6062152790422,143.95081737256305,69.39066403911612,99.77551501299268,53.51701979495051,70.73326426912516,4.815221352249614
63.55613064129853,144.4137844914794,68.66808588825417,99.61152965370728,55.626884355292034,70.16242796869791,4.840245151085488
63.510238795559346,144.93748603084603,67.92920412713475,99.46173834894918,57.73516272956602,69.61969829095005,4.864017511709428
63.46865962000072,145.51800427947612,67.17537233698127,99.32655897050503,59.83623143424475,69.10525966202059,4.886379114011319
63.4315385634954,146.15098648651525,66.40793806461721,99.20663172477941,61.92454387139562,68.61933767093642,4.907184742942129
63.39901868489757,146.83163246639654,65.62822275206405,99.10271472548376,63.99467955099418,68.16225571195913,4.926305090369713
63.37123013025782,147.55471722446615,64.83751139382807,99.01563766736717,66.04137298978377,67.73442514376687,4.943627058240045
63.348289703697866,148.31466556397336,64.0370541024379,98.94632080298733,68.05951922133676,67.33630437632968,4.959053498290799
63.33029556075209,149.1056863656341,63.228073430543205,98.89580732127315,70.04416885280406,66.96837763363853,4.97250262001661
63.31731965422187,149.92193979456286,62.41176988153794,98.86527867166713,71.9905286938114,66.6311623940536,4.983906856026858
63.309397016342054,150.75765163334498,61.58932595576526,98.85606494152736,73.89398647812166,66.3252105062544,4.993211970600336
63.30650308084228,151.60711760504364,60.76191377379201,98.86963993688175,75.75018812579455,66.05107304264885,5.000377319354651
63.30852185606059,152.46464507986448,59.93070490324354,98.90757046670753,77.55515669087043,65.80924142644808,5.005376625842727
63.3152135387278,153.3245192731582,59.09687796846059,98.97142113210589,79.30537259151212,65.60009816056862,5.008198070082155
63.326188359106084,154.18102157779236,58.261628585839055,99.06264677359181,80.99776323648086,65.42389219506694,5.008844070817836
63.34089699405505,155.02845761525765,57.4261822992627,99.18250822865913,82.62965080024732,65.28073157277514,5.007331754875837
63.35864177599867,155.86116519876254,56.59179705545652,99.33204057719756,84.19872944984814,65.17058704864692,5.003693827870597
63.37859430772638,156.6735256111387,55.759753352110486,99.51207728918627,85.70307785102607,65.09329931170355,4.997979333472936
63.39980463433855,157.4599972239612,54.93135066124198,99.72329481269036,87.14115812566021,65.0485718182645,4.990253747875709
63.42121016931517,158.2151574455195,54.107921541380854,99.96623471852385,88.51176800960044,65.03594863489117,4.980597157093727
63.44165891274929,158.9337299973007,53.29085333101672,100.2412815177984,89.81397761821322,65.0548003812204,4.969100749257819
63.45994243983836,159.61059346489114,52.48159926640963,100.54860051288703,91.04713159541248,65.10433117185052,4.955863604565225
63.474825962615256,160.24080820054454,51.681671149573916,100.88806697472762,92.210952262397,65.18360533462454,4.940990315840097
63.48507378696562,160.8196906530003,50.89261776509685,101.25922122740522,93.30565678095766,65.29159672139679,4.924588373241683
63.48948062536976,161.34288874487652,50.115996270013234,101.66125417686362,94.33199461549366,65.42725229915222,4.906765261901979
63.48691296382447,161.8064156013632,49.35334463939518,102.09299940040331,95.29124672138325,65.58953422033501,4.887626186402172
63.476338776800986,162.20669952004286,48.60616651098634,102.55292182412595,96.18524799966364,65.77741366746704,4.867272753043533
63.45682290994356,162.5406921807087,47.875939372041124,103.03912688113225,97.01638247983016,65.98983142549595,4.845802593505436
63.42750259187883,162.80595137661766,47.16413861631408,103.54940265136874,97.78752278106903,66.2256572502533,4.823310576613759
63.38758043212219,163.0006285390211,46.472247916621,104.081268556303,98.50203351838047,66.48367061799942,4.799893188470952
63.336346671368915,163.12341170184018,45.80173933956362,104.63200536646777,99.16394093054367,66.76256901514039,4.775656225231602
63.273205893998686,163.17348557006764,45.15403690905451,105.19867249692483,99.77814987721901,67.06098988516347,4.750721922435717
63.19769868549952,163.15049822891345,44.530482858741735,105.77813771835118,100.35049085084397,67.37752502772787,4.725231141443471
63.10953353670144,163.0545018996283,43.932315498090276,106.3671288489458,100.8875510572314,67.71072028533722,4.699340508858057
63.00861283241033,162.8858811819076,43.360658890702524,106.96228325242902,101.3964155579977,68.05907903064974,4.6732170891183555
62.8950193706509,162.64532605479542,42.81651943668468,107.56019381195414,101.88443170192022,68.42108638568052,4.647032475074985
62.76897167115472,162.3338764923014,42.300783207201086,108.15749375268433,102.35902559166053,68.79523118350106,4.6209575807210586
62.63078560057953,161.95298711187445,41.81420697540502,108.75097308436153,102.82755756927045,69.17999637508319,4.595159988955084
62.48085892122264,161.50454048496184,41.357404488320284,109.33765374466643,103.29721691966638,69.57383001626515,4.56980505231623
62.31966552251886,160.99079602059075,40.93084558725934,109.91478733443523,103.77495807073721,69.97513107786658,4.545058812937144
62.14775255374223,160.4143108252804,40.5348759577347,110.47980611179777,104.26743467925955,70.38227005762246,4.521089097410238
61.965748945659136,159.77788109496151,40.16973694214519,111.03026656320439,104.78089343077919,70.79363379066177,4.498064280463994
61.7743780876714,159.0845265592592,39.83556956147986,111.5637982058144,105.32106195677773,71.20766474780197,4.476152054564779
61.57445567189752,158.3374826646972,39.53241120728434,112.0780530225033,105.89308463477595,71.6228748280622,4.455518489668551
61.36686573156864,157.54016801945144,39.260191237192934,112.57065507170816,106.50151607762356,72.03783049702922,4.436325851469787
61.15251961711459,156.69614126607135,39.018722740751016,113.03916105280882,107.1503400517661,72.45112104070384,4.418729306650028
60.932309306463445,155.80904888741483,38.807695907785295,113.4810494068653,107.84296213961669,72.86133679699165,4.402873456033456
60.70706666962354,154.8825515864167,38.62668418263548,113.89374787378121,108.58214977142342,73.26707533946716,4.388888929458758
60.47753364338116,153.92024695911886,38.475162758648004,114.27468360088564,109.3699455713177,73.6669609422292,4.376890183698204
60.24434625196506,152.92561863678864,38.3525241939051,114.62133058808703,110.20760178308085,74.05965061148454,4.366975957350191
60.008040730443845,151.9020384003104,38.258080392511424,114.93124471617755,111.09557325921799,74.44382420356749,4.359231491060569
59.76908510742335,150.8528213622314,38.191053791859694,115.2020811549775,112.03357029655533,74.81817490423148,4.353730398227914
59.52791521459986,149.78128779872588,38.15056569702841,115.43159412743364,113.02062578334663,75.18140401603944,4.350535412515205
59.28494484955838,148.69081034320865,38.1356322368358,115.61763868009155,114.05514176934507,75.53221481246779,4.349698618778079
59.04054695836398,147.584863345568,38.14517392455213,115.75819573121379,115.13492415023205,75.86931338657837,4.351261671914672
58.795029135875836,146.46703847495112,38.17803397996473,115.85141794719927,116.25721059761727,76.19142229519798,4.355255197719416
58.54862610621878,145.3409807885032,38.23300236841149,115.89567479649156,117.41868467221565,76.49729091486319,4.361696328098358
58.30151316950944,144.21028033383192,38.30884727590946,115.88958191221941,118.61548915969456,76.7856884860601,4.370584906276509
58.05382831770423,143.07837440468043,38.40434970633199,115.8320207361811,119.84326228727527,77.05538658838175,4.381899775528619
57.80569727077774,141.94848152887062,38.518336367352006,115.72216076868816,121.09719756187907,77.30514718120592,4.395596037807989
57.55726775872301,140.82359363878152,38.649707435502584,115.55947680338514,122.3721078749586,77.53373483810671,4.411603856816665
57.30874866562176,139.70653533064691,38.79744713947241,115.34373698791283,123.66250177087272,77.73995858611315,4.429829113532884
57.060436384441836,138.60003354405825,38.96061221804916,115.0749670213728,124.96269413862288,77.92271646040483,4.450155185064216
56.81271796657888,137.50674344191964,39.13831777203297,114.75343967218699,126.26692111875663,78.08101355827024,4.472444824614762
56.56605231734828,136.42923492120943,39.32973676949718,114.3797167050841,127.56941624431727,78.21397026651978,4.496542388192324
56.320937099072594,135.3699562795173,39.53409956279672,113.9546996224609,128.86445721313794,78.32086461134729,4.522277141958735
56.077874383587144,134.33118140101715,39.75067511202935,113.47963555124603,130.1463995617589,78.40120440286425,4.549467008594448
55.83734711011779,133.314957927601,39.978740441518084,112.95608345025167,131.40969204232306,78.45476790215115,4.577921270283116
55.59980979190242,132.3230860081016,40.21755540598144,112.38587442815762,132.64888263188405,78.48158423247119,4.607442794423926
55.36568832056611,131.35714001956154,40.466347431757164,111.77107534162575,133.8586306082537,78.48188826468687,4.637833498538261
55.13538531340559,130.4184983259103,40.724305006601845,111.11394377272528,135.03372078746494,78.45608233856458,4.668904533629265
54.90929056839615,129.50834820114122,40.9905840464685,110.41687231470286,136.1690806049289,78.40470948499468,4.700485393911098
54.68778601785466,128.62770910545103,41.26432390905091,109.68234102445429,137.25981405729573,78.32843703423451,4.732425746564712
54.47123607678471,127.77751691665878,41.54465750581205,108.91289495330804,138.30125114478008,78.2280431641168,4.764591677593483
54.25997680358642,126.95870957489822,41.830711853871236,108.11113643850545,139.28900689550838,78.10439485549948,4.796861631815836
54.054317156996774,126.17223931353901,42.12161601436035,107.2797083157749,140.21904841213697,77.95841762892566,4.829123927481896
53.85453955664911,125.41901994099902,42.416524148594505,106.4212633955239,141.08774772925952,77.7910682384902,4.861274917927176
53.66088499109908,124.69985994700603,42.714632498785974,105.53843603518062,141.89189834497313,77.60332212391481,4.893217304124072
53.47353393735168,124.0154111552727,43.0151713305383,104.63382547133189,142.6287076248423,77.39617971732719,4.924858733593947
53.29260090890043,123.36612637287924,43.31738673406624,103.70998533952529,143.29578967141256,77.1706799808755,4.956109980485108
53.11814164017275,122.75222423912444,43.62053614712115,102.76941175719897,143.89116450068076,76.92790396289499,4.986882140980093
52.950168074042686,122.17369464215777,43.92389544553737,101.81452419412163,144.41325314066,76.66896749360335,5.017084027369508
52.788669894074005,121.63035468970317,44.226759521539854,100.84763511245123,144.86085712869027,76.3950133320563,5.046621131886778
52.633626411062416,121.12190421869398,44.528434164650044,99.87091291692366,145.23312249728403,76.10720293991615,5.07539576340111
52.48499819065232,120.64793429581417,44.82823968799708,98.8863515608251,145.52949932017313,75.80670479153531,5.1033080119259875
52.34271977678411,120.20789325618838,45.125535456049874,97.89576478972063,145.74970244734354,75.4946871936863,5.130259544119722
52.206711331521596,119.80103483424104,45.41974558172609,96.90081547297783,145.89367004882786,75.17232191102812,5.156160726107103
52.07689617567907,119.42637057390309,45.71037951857481,95.90306257945853,145.96151918039968,74.8407924365427,5.180936402725553
51.953206716478846,119.08265002344544,45.997065229844026,94.90399224788952,145.95350743374627,74.50129542426633,5.204526945088591
51.83557441863256,118.76837375789198,46.27959014575912,93.90502071773469,145.87001069920535,74.15502468205068,5.226888516988178
51.723908830321456,118.4818116206246,46.557927266958615,92.90748062248892,145.71151358353603,73.80313874415533,5.247997826827088
51.618077148935676,118.22100761288111,46.832236019367016,91.9126035981183,145.47860321250135,73.44673024221274,5.2678594851490255
51.517892630599384,117.98379590686324,47.10283415739284,90.92150634696173,145.1719619071981,73.08680856116013,5.28650909911282
51.42311143756034,117.76784706897546,47.37014852800874,89.93518201605721,144.7923610316312,72.72428855954432,5.304009548878076
51.333432979709684,117.57072158436004,47.634664631137156,88.954508339287,144.34067261841238,72.35998681179575,5.320444442105634
51.248496948720884,117.38992263040221,47.89688346974904,87.98030796668975,143.8179118475699,71.99463468859987,5.335912876902677
51.1678753504449,117.22296286972944,48.15728441576329,87.01346681453337,143.2252960734886,71.62889566669644,5.350526022948038
51.091064887228875,117.06741571145962,48.4162965043435,86.05504174086113,142.56429562977172,71.26337093738461,5.3644041477106805
51.017483115722904,116.92092160199304,48.67427757080951,85.1062992554134,141.8366584444919,70.89859811558084,5.377673232800965
50.946471250635774,116.78119528506208,48.93149589988972,84.16870236550544,141.0444042521485,70.53504628445666,5.390461305697219
50.87730732568073,116.64607216639808,49.18811326481224,83.24387859135032,140.18980540133984,70.17310237611595,5.402894598139949
50.80922306772607,116.51354821552414,49.44417358142567,82.33357874564615,139.275366621011,69.81305148036351,5.4150937647847766
50.741416678572826,116.38177087612284,49.69959864662563,81.4396296415681,138.30379099136786,69.45505955836953,5.427171303355525
50.67307118615415,116.24900198464911,49.95418852329972,80.5638984912248,137.27792307244817,69.09916640650079,5.439230682935439
50.60338612870176,116.11357998650737,50.20763167609214,79.70829779335767,136.20068677247227,68.74529063372113,5.451365534177971
50.531607923703596,115.97388820767151,50.45953073469348,78.87481990444007,135.0750426117967,68.39324056571202,5.463657287644836
50.45704330326389,115.8283309676433,50.7094305080994,78.06554872305888,133.90397702108507,68.04273262554648,5.476172004675216
50.37905702965795,115.67531035052997,50.95682914555223,77.28263278273056,132.690522723194,67.69342628815107,5.488957839021795
50.29706572274264,115.51319575876664,51.20117474382767,76.52825895371419,131.43779475775943,67.3449694322702,5.502043212361047
50.210544295777076,115.340293389112,51.44186524598289,75.8046503650835,130.1490290830937,66.99704163887431,5.51543562613474
50.119048884767,115.15483719526883,51.67825801613403,75.11406880386882,128.82761637908357,66.64939081198662,5.529121713835801
50.022233941963165,114.95502302468941,51.9096786884113,74.45880688237533,127.47710937271685,66.30184995249233,5.543068599087767
49.9198433256937,114.73907357701921,52.13542649148151,73.84117778540762,126.10119281892311,65.95432489401927,5.557226453208057
49.81168660910715,114.50528409198776,52.354788981744306,73.2635033401636,124.70363639024825,65.60676931513204,5.571532412341549
49.697629680034915,114.25202009768586,52.56707709365607,72.72809104181466,123.28825222949119,65.25916465651584,5.585914873715922
49.57761552496818,113.97769057269423,52.77167384298729,72.23719437550432,121.85886729582806,64.91150680988379,5.600296818399146
49.45169795419662,113.68074041282988,52.96806969316733,71.79296150266148,120.41930472606965,64.56379679825524,5.614597883033436
49.32005348573543,113.35969591554147,53.155865871652566,71.39738565032684,118.97335256949165,64.2160306809197,5.628735380631846
49.18296232952201,113.01325553789488,53.33476044149798,71.05226175728414,117.52471400267109,63.86818563124465,5.64262499309328
49.04078305367554,112.64036617139952,53.50453832951868,70.75914139711362,116.07695571925042,63.52021209814546,5.656181730419397
48.89393828835237,112.24023430980083,53.665065089098945,70.51928578354192,114.63346767022935,63.172043556663986,5.6693205536671085
48.742902570909415,111.81228987993349,53.81627454397175,70.33364643633762,113.19744447973451,62.82361368991274,5.681956445759166
48.58818653406284,111.35616143074958,53.95814767237735,70.2029115214941,111.77189659523478,62.47486024476741,5.6940045759868925
48.430326456257845,110.87168535188567,54.0906905012772,70.12759717425041,110.35967974453668,62.12571198767385,5.705380406719138
48.26987968019995,110.35891068729717,54.213920775567324,70.10810632915505,108.96352178170469,61.77606942842787,5.7159993490351795
48.10741551866236,109.81806702926689,54.32786635386247,70.14471374800189,107.58603312160002,61.42578734070686,5.725776602328953
47.943499222581174,109.24951810710168,54.43257698679187,70.237503766944,106.22970589517361,61.07466304870385,5.734627963662516
47.77867597271998,108.65373282042303,54.52814908356172,70.38630052600831,104.89693193446564,60.72243484821323,5.742471552952097
47.61345923989988,108.03127199892968,54.6147498878373,70.59060914384062,103.5900467446215,60.36879164700413,5.749229714762929
47.4483242875307,107.38277500235488,54.692623873054934,70.84956898185116,102.3113548458589,60.013384754129405,5.754830352725646
47.283708039879315,106.70894024898475,54.762077927094126,71.16192316534601,101.06310363512827,59.655829630108556,5.759207504082167
47.120014170517194,106.01051351810183,54.82345293998581,71.52602579048872,99.84742431387862,59.295696495854166,5.762301280860723
46.95762210631239,105.2883065612384,54.877092208505125,71.93989496901911,98.66627246316688,58.93249818307904,5.764057427559059
46.79689744872063,104.54323785276789,54.92331863134026,72.40127702467753,97.52138505204702,58.565681997654465,5.764426706478507
46.638196188130294,103.77635601689107,54.96242816688645,72.90768718787507,96.41425501998823,58.19462673055871,5.763364015973306
46.48186187578327,102.9888263260437,54.994692913873614,73.45643693251769,95.34611785867526,57.81864416730015,5.760827305336536
46.32822467575991,102.1818963485144,55.020361723993894,74.0446771603856,94.3179453171126,57.43698732846091,5.7567767491236514
46.177607650241185,101.35686077213794,55.03966124663868,74.66946395664715,93.33044254611391,57.048866458479075,5.751174825378697
46.030335305499094,100.51503530106474,55.05280680114935,75.3278217475186,92.38404955286919,56.65346558755117,5.743987942426596
45.88673771887287,99.65775081225716,55.06001620788273,76.01677382936178,91.47895234424843,56.249950807434,5.735189433564567
45.74716368209226,98.78636868820087,55.06151860322426,76.7333443378076,90.6151083766295,55.83747061776198,5.724762255139367
45.6120167571378,97.90229371648896,55.05756534456941,77.47456892141416,89.79228601316298,55.41515513925172,5.712700031722084
45.48178520227727,97.00696991920795,55.04844374497808,78.23753055540297,89.01010513949765,54.98211881516409,5.699007535279628
45.357032264312956,96.10186919725011,55.03448699990627,79.01939159371346,88.26805932636671,54.537470983828044,5.683702035768009
45.23836434179825,95.18847395885784,55.01608739579931,79.8174142055588,87.56551373096895,54.08034613545804,5.666815460189212
45.126410954193766,94.26824764083739,54.99371864362198,80.62900627925251,86.90169406912763,53.60996864994483,5.648397696966081
45.021819654654635,93.34260220785909,54.96795553549163,81.45178897241708,86.27568746974374,53.12576907203628,5.628520483188899
44.925253023256836,92.41287514307923,54.939484834312346,82.28362547593177,85.68645669152983,52.62756476769867,5.6072785578561035
44.83738424625343,91.48032423741034,54.90911474780636,83.1225854830829,85.13285147086569,52.115755049940816,5.5847865043975435
44.75888751223691,90.54615394968249,54.87778263380921,83.96688583423072,84.6136104329371,51.59141781315132,5.561173865884834
44.69041348726883,89.61157260716794,54.84655322227208,84.81486074729601,84.12735988496078,51.05626708408906,5.536581082959771
44.63255345405809,88.67783930304967,54.8166058275894,85.66497331264979,83.67261687683958,50.51255309536463,5.5111564296869
44.5858097689701,87.74626623712793,54.7892226406861,86.51583113961078,83.24780965342536,49.962978553082415,5.485053263209154
44.55058060377259,86.81820564844027,54.76578768286726,87.36617753260674,82.85132154390388,49.410618995649685,5.458427161370319
44.52714980785331,85.89505948984147,54.74777927680722,88.21486777007144,82.48153852621334,48.85881841825433,5.431433417845091
44.515674471894265,84.97829193385105,54.73674581949106,89.06083804894996,82.13688557539245,48.3110707554025,5.404225950792266
44.516175568233066,84.06941120659185,54.73428053013762,89.90305962752464,81.81586673776972,47.770910454813844,5.376956973618648
44.5285370974553,83.16992605846299,54.741990277277196,90.74048132464317,81.51711248243532,47.241821987279636,5.349775258847695
44.55251207003489,82.28129903304063,54.76144177413648,91.5719892136809,81.23940252875161,46.72716809915029,5.322822876681256
44.587731669491355,81.40490958644959,54.79410053276373,92.3964231554141,80.98164632775739,46.23013084496797,5.296232508422783
44.6337127942868,80.54203080661135,54.84128805959688,93.21264479830188,80.74284140767323,45.75365996922019,5.270126364712205
44.68986279247507,79.69381973329445,54.90415818579886,94.01959427345375,80.52203342159557,45.30042941635143,5.244615897514208
44.75548791546448,78.8613226722948,54.98367887328792,94.8162927566659,80.31829587306498,44.872804275781384,5.219801224382524
44.829811150396615,78.04548905907328,55.080614098916406,95.6018036156555,80.13073559798268,44.47281692674164,5.195770065471963
44.91199547293297,77.24717342428116,55.195512943063726,96.3751792825412,79.95850006967835,44.10214989491645,5.17259712363681
45.001161591022665,76.46711481248818,55.32871564825026,97.13542416641369,79.8007697978162,43.76213629424888,5.150344930593832
45.096397163156844,75.70591558010058,55.48037361973711,97.88150743429273,79.65675249183526,43.45381957755407,5.129065884191035
45.19676478456168,74.96406023988564,55.65046439059365,98.61241756792428,79.52568431075198,43.178098879957965,5.10880441695418
45.301308617967834,74.24198392268204,55.83879034334125,99.32719890142903,79.4068203524641,42.93589186295926,5.0895991032559005
45.40905606842409,73.5401453239648,56.04497048085466,100.02493651850114,79.29941585920412,42.72820838097966,5.071484682193307
45.519023698175396,72.85906172997548,56.268435273463474,100.70473191022185,79.20271956314502,42.55611806405069,5.0544930295413195
45.63023372053433,72.19931181816827,56.50842392642695,101.36572340375169,79.11598588631858,42.42067292012603,5.038653120061259
45.74172898375341,71.5615294553148,56.76398404234085,102.00713667616175,79.03849542003563,42.32283422973748,5.023991114935948
45.85257496695936,70.94639502431968,57.033979172600745,102.62831189483802,78.96957028007381,42.263425541345654,5.01053000937297
45.961852241114,70.35461396245682,57.31710480940873,103.2286918594171,78.90857645204673,42.24313185462865,4.998287575885283
46.068654303103536,69.78687921851474,57.61190579804125,103.80778685443616,78.8549258705451,42.26255175543405,4.9872733641783675
46.172112732094426,69.24383516963202,57.91679481678576,104.36512989617405,78.80810378855108,42.32227195562298,4.977486346700422
46.271453385292645,68.72606030386468,58.23007891174887,104.900238635018,78.76771730375596,42.42292528907678,4.968913685932425
46.366056263979104,68.23406582603215,58.5499898743481,105.41260008305257,78.73352373913804,42.56523282303897,4.961530587493574
46.4554927875726,67.76829215530582,58.87471032414089,105.90169421437447,78.70541132158448,42.750062525822045,4.955301190790762
46.539530908636415,67.32909040543292,59.20240758492216,106.36705784044315,78.68335142377647,42.97851110078969,4.950179897215226
46.61811125124801,66.91669823373799,59.53128679967974,106.80834660674064,78.66735597724349,43.25196188973367,4.946112231352819
46.69131216501044,66.53123138500658,59.85964366021018,107.22534903486974,78.6574494334357,43.5720673722208,4.9430350463839705
46.75931595725863,66.17269804781935,60.18589215757282,107.6179618731681,78.65365159445047,43.94066069773002,4.940876879005493
46.82237549497199,65.8410219186189,60.50856543119815,107.98618484032924,78.65596745792172,44.359654296912694,4.939558972996917
46.88079150617348,65.53605497648627,60.82630040450895,108.33016692118632,78.66437242458689,44.830978016471974,4.938996299496166
46.93491249298861,65.2575722213538,61.13782119041982,108.65024745204016,78.67878400458683,45.356550609221905,4.939098024961367
46.98514274611634,65.00525213426887,61.44193217778736,108.94692934278319,78.69902389544946,45.938242703920544,4.939768206624267
47.03193834214773,64.7786532492129,61.73751667544305,109.22082009406111,78.7247891061006,46.57781501057189,4.940907753134715
47.07579522667496,64.57720015328138,62.02353182832689,109.47260648415396,78.75566848618556,47.27684474095923,4.942417254242921
47.11724019363189,64.40018503158895,62.29899866048703,109.70306710234502,78.79121630572476,48.03664856769723,4.944198984116554
47.15682189934875,64.24678771147843,62.562991415294775,109.91308835153853,78.83103659850353,48.85820663757961,4.946157248930086
47.1950997197877,64.11613209847238,62.81462867170586,110.1036552412753,78.87483560698358,49.742095870683464,4.948198190892659
47.232634126657004,64.00738327535329,63.05306579994931,110.27581338416465,78.92245214975566,50.688430525166034,4.950230372281781
47.26997317397192,63.91983607036881,63.27748987238435,110.43062662549086,78.9738814578114,51.696804275375314,4.9521663926773405
47.30763252702035,63.85294228169995,63.48711790052088,110.5691537486228,79.02927642403789,52.766242568659486,4.953925048691781
47.34608521317034,63.80628082165936,63.68119444875075,110.69244628376899,79.08891004708512,53.895184486609516,4.955433217328018
47.3857684495478,63.77950523042965,63.858986633546486,110.80156003279099,79.15310917570544,55.08150606375901,4.956627068036734
47.42708711428984,63.77229415866521,64.01977845459965,110.89756860630061,79.22218801510887,56.3225726840966,4.957452426991612
47.47039914088652,63.78431501757609,64.16286674122556,110.9815601670334,79.29642148003852,57.6152890517859,4.957863622824747
47.5159945821122,63.8151975537861,64.28756610111004,111.05461519705241,79.37607714988175,58.95612482980486,4.957820971638468
47.56408009949055,63.86451469033028,64.39322900084633,111.11779581441465,79.46146278682833,60.3411188054649,4.957288139983298
47.61476959707695,63.93177106390059,64.47926903606206,111.17216715490622,79.55293014227742,61.765878532391156,4.95622986029417
47.6680883911993,64.01639082507202,64.54516876379603,111.21882094031814,79.65082901675294,63.2255956100144,4.954610246806629
47.72400184405632,64.11770123464449,64.5904744883043,111.25885797368761,79.75544793083685,64.71509304425085,4.952392852730447
47.78246892060624,64.23492164193041,64.61479210044259,111.29333359467417,79.86698018260434,66.22889800545947,4.949542691314156
47.84350523943677,64.36715692601996,64.61778544484419,111.32320341132497,79.98553000345464,67.7613082924352,4.946028469927899
47.90722275289582,64.51338483874025,64.59917471765752,111.34928249492688,80.11113923174668,69.30643170454726,4.9418231959808985
47.97382380918996,64.67244013068513,64.55873718675602,111.37220817065175,80.2438059479544,70.8582071183878,4.936902763610021
48.043562992440876,64.84300953350377,64.49630718742543,111.3924122757868,80.3834835350891,72.4104261349217,4.931243458098314
48.11670643030354,65.02364483858211,64.4117711587019,111.4101263563015,80.53006843121966,73.95676417269246,4.924819841648776
48.19351505157584,65.21278557005246,64.30506207197058,111.42542888611338,80.68338895422164,75.49081560334146,4.917603804381472
48.274257018723915,65.40877600167767,64.17615911856774,111.43830552154607,80.84319054594292,77.00612435651097,4.909564452956609
48.35921962873372,65.60987566567982,64.02509193330317,111.44867813806175,81.00910912339367,78.49620955018251,4.9006681486172825
48.44869359554244,65.81428225736778,63.85194583271047,111.45639549518593,81.18064035010475,79.95459045348072,4.890878130492586
48.54293857916143,66.020173994657,63.656866250615366,111.46122289520575,81.35711646087368,81.3748142860099,4.8801536779246355
48.64215137887274,66.22574945778095,63.440069420651355,111.46287096740214,81.53769786417912,82.75048746934289,4.868449595588169
48.74644627232405,66.4292649787172,63.20188279315085,111.46106730142344,81.72138232522386,84.07530694891167,4.8557166559104585
48.85584705862035,66.62911050815624,62.94281995818072,111.45562222586904,81.9070223281086,85.34309041575885,4.841902822256136
48.97028862175482,66.82392327733328,62.663641282689554,111.44645186104704,82.09333628947752,86.54781325545217,4.826955093469299
49.08962443831273,67.01268252431365,62.365356567438226,111.43362194058824,82.27891665416216,87.68366291169667,4.810822097108678
49.213629961794155,67.1947781912233,62.0491882908999,111.41747555336444,82.46225729349369,88.74511088435267,4.793457383425405
49.34199360780188,67.3700844493818,61.71653109403292,111.39875986863615,82.64180554022886,89.72698575753516,4.774823093699393
49.474303171344104,67.53899740350487,61.368914644758334,111.37863881789808,82.8160054946847,90.62452561213158,4.75489372533824
49.610046890415774,67.7023815185686,61.00796566614449,111.35860642057803,82.98330981804901,91.43340545258694,4.733660302019282
49.7486345579445,67.8614530719163,60.63537128902193,111.34036794069029,83.14218582754697,92.14975002135706,4.711134916988324
49.88941821204026,68.01765570109896,60.25284726465987,111.32572045026743,83.29114016732845,92.77013596271662,4.687353851356075
50.031693658893005,68.17255187386162,59.862112243581294,111.31644598361021,83.42874441641581,93.29158254687303,4.662377144677017
50.17468993995716,68.32773750505754,59.46486604485114,111.31423023248779,83.55364340419192,93.71153605991553,4.636284708692182
50.31756590744923,68.48477595203819,59.06276692576776,111.32062036437992,83.66455615537433,94.02785444197934,4.609171560428182
50.45942238726468,68.6451418118024,58.65740788426775,111.3370283299985,83.76028026217796,94.23879510525782,4.581145109340333
50.59932018020034,68.81017011263658,58.25030140402092,111.36477252838294,83.8397031469766,94.34300542204974,4.552324693042196
50.73629040967239,68.98101295256322,57.84287883370285,111.40513259545028,83.9018280434475,94.33951351850347,4.5228407728898095
50.86933770389525,69.15861492419674,57.43649457466195,111.45936638296602,83.94581983603562,94.22771905764273,4.492832360194685
50.997447836129986,69.3437124852891,57.03242696971958,111.52865594742015,83.9710614065825,94.00738686078144,4.462443977274873
51.11960813727009,69.53683615929742,56.63188842044014,111.61401812888785,83.97719784356596,93.67864427863181,4.431823364369118
51.23483313692438,69.73829504302277,56.23605031215949,111.71624590548815,83.96414938323137,93.2419789146351,4.401119420743484
51.34218008618658,69.94815266492554,55.84606020811273,111.83590833427488,83.93208640276295,92.69823485537687,4.370479554385256
51.44075134204222,70.16621557206557,55.463034260320576,111.97339025547552,83.88137376399366,92.04860997719932,4.340046456910213
51.52968869116929,70.39204389884827,55.088035334555485,112.12894183956632,83.8125135373088,91.29465449752425,4.309955143376543
51.60816634390709,70.62497266399468,54.72205300782237,112.30271509346339,83.72612354922329,90.4382650512619,4.280331482263542
51.67540016631044,70.86412885660923,54.36599117109203,112.4947715591444,83.62295745182345,89.48167064329667,4.2512927843563215
51.730681901575444,71.10845289399121,54.02066048638599,112.70505548792575,83.50392484605173,88.42741468313379,4.222949794270412
51.773413766025435,71.35673799139153,53.68676945291324,112.93334865109114,83.37007190657387,87.27833850351576,4.195409115652308
51.80311922438458,71.6076741771689,53.36491281470048,113.17925731016523,83.22252966979374,86.03756641618298,4.168775674887817
51.81944011822682,71.85987639148891,53.05556337840736,113.44225739702003,83.06245866257075,84.70849056259286,4.143154626708715
51.8221415512983,72.11189774481565,52.75907390497093,113.7217444405395,82.8910063611694,83.29475522662281,4.11865141074951
51.81113183081481,72.36224869533153,52.475692438151455,114.01704555939294,82.70927978883664,81.80023940331529,4.095369750991725
51.78648498467598,72.60943462795656,52.205590309847295,114.32741607578708,82.51832934448446,80.22903613577982,4.073409227143367
51.748439893250634,72.85199485066313,51.948894229966946,114.65202550169293,82.31914806889978,78.58542991092763,4.052863893144914
51.697366095574395,73.08852596673508,51.70570762754958,114.98991749993942,82.11269315751684,76.87387565159133,4.0338223172856065
51.63371545560184,73.31769329540387,51.47612122022568,115.33996804801555,81.89991617341818,75.098981498244,4.016368782535509
51.55798728878528,73.53823137399003,51.2602346300064,115.70088629241938,81.68177961755882,73.26549304991407,4.000584328889562
51.47072303788128,73.74893254992809,51.05819119557895,116.07129904183601,81.45925159582596,71.37827497851416,3.986546157864333
51.37252265940776,73.94863174192727,50.87019253970216,116.44991741442988,81.23328713086464,69.44229093672071,3.9743259813717846
51.264057775270395,74.13619066525291,50.69647637240498,116.83570182034747,81.0048193254792,67.46258539700142,3.963989029203078
51.14606695851788,74.31047868854215,50.53727816681569,117.2279587487958,80.77476980760399,65.44426576620582,3.955593885334296
51.01933642648303,74.47035296606977,50.392796994819456,117.62638263141965,80.54405046862247,63.39248086141089,3.949192194704242
50.88467356155822,74.61464328790693,50.26317554519114,118.0310396560167,80.3135325947476,61.31239683215068,3.944827867405941
50.742877848607755,74.74214223348572,50.14850281172693,118.44228404898858,80.08400308545262,59.20917418921618,3.942536027518413
50.594715894770104,74.85159642282429,50.04883121439816,118.8606741503181,79.85614224962073,57.08794798091055,3.942342455806307
50.440916210923625,74.9416982687114,49.964184507341145,119.28694533471106,79.63052781960845,54.95381139070443,3.944264265042133
50.2821910550117,75.0110883025708,49.89454802935205,119.72199790157254,79.40764061575732,52.81180076840192,3.948311440711442
50.11926168290673,75.05837623771745,49.83985287354478,120.16685237012918,79.18785475971711,50.66687937908733,3.9544882536725767
49.95286098291409,75.08217096629791,49.79995976372012,120.62258367019741,78.97141948310949,48.52391958894525,3.9627940057922397
49.78372121952703,75.08110209331379,49.77463791355257,121.09024378731189,78.75844996262195,46.387684795537666,3.9732233568825865
49.612566059178356,75.05383261025597,49.76354027563603,121.57077040276515,78.54894058086734,44.26281219514448,3.985766848988646
49.440105943282354,74.99908702486606,49.766183735206496,122.06492102353033,78.34279502618432,42.153797961143695,4.000411856068044
49.2670259759067,74.91571149801426,49.78193981499412,122.57330315353323,78.13985020328579,40.064986093075994,4.017143730517588
49.09396683921605,74.8027427072725,49.810035388416686,123.09649608407726,77.939881477833,38.00055961258189,4.035946143313602
48.92150634190619,74.65944982234912,49.849557537876144,123.63514494933897,77.74259443102771,35.96453150821468,4.056799272143989
48.750141728063404,74.48533787803379,49.899458512279686,124.18994195873523,77.54761301813997,33.960735628605164,4.079676540052272
48.58027448373803,74.28012410665819,49.958569797062296,124.76154165839142,77.35448203049256,31.992820950449886,4.104542673401113
48.41221351502125,74.04370853976862,50.02563491266047,125.35047924640837,77.16269374251914,30.06425020821869,4.131354775817678
48.24620295705243,73.77615071237108,50.099347304792445,125.95710242902882,76.97171399739972,28.178298340651434,4.160065717105513
48.0824543455265,73.47764823035618,50.178371105860876,126.58151966597451,76.78099185164982,26.33804732663909,4.19062759559245
47.92116988127256,73.14852076322849,50.26134357103405,127.22357989283789,76.58999586586788,24.546379968788894,4.2229934397126145
47.76256490671178,72.78923056700586,50.34687234819828,127.88286937717818,76.39831059292328,22.805975962522766,4.257119065414222
47.60688646324088,72.40045394113758,50.4335362533211,128.55870098845688,76.2057432447592,21.1193095606897,4.292968948907462
47.45441134876457,71.98314912938501,50.519892911204686,129.25010496943779,76.01237491408457,19.488646491983932,4.330524447697307
47.30542256239878,71.53856156070184,50.60449303052699,129.95582929759124,75.81855394592502,17.916040276584322,4.369788220469994
47.16017853229961,71.06818563049914,50.68589517061466,130.67433090443362,75.62486951550177,16.40332983800491,4.410783138922612
47.01888541580293,70.57373252843806,50.762674880455364,131.40375240153332,75.43213170037906,14.952139000456667,4.4535488647793615
46.88167367282135,70.057127507899,50.833429669303754,132.14190718201397,75.24134637080483,13.563877379748845,4.498138050027816
46.748582010007354,69.52056299462689,50.89678499446523,132.8862996947595,75.05366262709677,12.239741842280178,4.544612144611038
46.61955963763443,68.96660403512612,50.95140547235787,133.63418113656954,74.87030019703377,10.980717313668615,4.593037080779034
46.49448948264032,68.39825701987671,50.99601910299087,134.3826105691904,74.69248385329783,9.78757690949381,4.643479331278458
46.37321570689633,67.81893024874606,51.02946290020522,135.12851510102507,74.52140592958774,8.66088273983349,4.696002338670096
46.255559536058016,67.23232057122458,51.05073711541687,135.86876365960168,74.3582166169365,7.60098848626317,4.750662769625345
46.14132326395841,66.64228769482366,51.05903342346293,136.60021919430628,74.20402369577023,6.6080452983520805,4.80750602087873
46.030288081676865,66.052743904244,51.05372399542177,137.31972674440863,74.05989035454404,5.682012755346953,4.8665613400998815
45.92220842635915,65.46756569911916,51.03433831307121,138.02406647779534,73.92682552640535,4.822672567906632,4.92783781859499
45.81680363111665,64.89051977557254,51.00055218015638,138.70992293879462,73.8057549048766,4.029639005643642,4.991322000398863
45.713747032367316,64.32519388337316,50.95218322830797,139.37387674123934,73.69747229575509,3.302363498923749,5.056976877738415
45.61265434688161,63.77493633048784,50.88918219149161,140.01239864005603,73.60259120023834,2.640136042235221,5.124741926935621
45.513079322439545,63.242814710546234,50.81162088590405,140.62184311209737,73.52152009362467,2.0420864190888306,5.194533749348162
45.414526046634286,62.73159731869375,50.719674750386666,141.1984618650752,73.45446729678635,1.507186910397583,5.266246680807663
45.31647226649676,62.24374928377314,50.613595739398804,141.7384454475583,73.40145860770957,1.0342575497317417,5.339753257108705
45.21838467687206,61.78143408948105,50.49368153928463,142.23796700542664,73.36235357960342,0.6219739368712845,5.414905123610418
45.11972118936669,61.34652131152166,50.36024892087158,142.6932071929263,73.33685868674459,0.2688763533842103,5.491535402100925
45.019934480197094,60.94059964693283,50.21361458040137,143.1003795592201,73.32453125486977,-0.026620871461504093,5.569462907527336
44.91848372099531,60.564983961699866,50.05408879624297,143.45578012496415,73.32477636685329,-0.26621952809389626,5.648496602823227
44.81484927363691,60.22071254672883,49.881982098813786,143.75585185586993,73.33685776730084,-0.45172760503463055,5.728438155941475
44.70854859106327,59.908544386333446,49.69761066143056,143.99724866101832,73.3599346545361,-0.5850509463122449,5.809082647555534
44.59914968326268,59.62896851368242,49.50128781916398,144.17689536965315,73.39311650372645,-0.6681863351004514,5.89021912612958
44.48627176142192,59.38222574977352,49.293306046037905,144.29202427824512,73.43552100510153,-0.7032136897852378,5.9716318560944535
43.75050164259843,46.34593911829321,94.8733880008424,53.918582532334504,49.04844211651382,7.57275784171678,11.428674337242843
43.282232928947906,47.88747671612474,95.68590776016075,51.9938433709707,48.58565759007487,7.647517134231684,11.582183146457087
42.77717264347516,49.50144454050559,96.43055606672146,50.120825502561594,48.126027812136364,7.722419963942472,11.731008476771127
42.236126482443545,51.182449073345836,97.10448520741647,48.300234281889786,47.670482843013446,7.797100157348793,11.874814393500134
41.66014137170163,52.92457300418526,97.7049621823259,46.53259323494871,47.21990088772182,7.871196862037466,12.013271940081564
41.05049277152211,54.721406588192416,98.2294002190347,44.81825299095753,46.77510299126823,7.944353216035093,12.146057410598242
40.408664812284094,56.56609553206702,98.67540688016634,43.15739924781189,46.336845843704616,8.016214893028884,12.272851208964205
39.73633576442973,58.45139590142978,99.04082679577955,41.550059799874276,45.90581428920526,8.08643021060714,12.393336816313743
39.03536555710875,60.36972596180882,99.32376289480175,39.996110803040004,45.48262081100788,8.154653285276565,12.507199746193685
38.30777532396017,62.31321797288895,99.52259662447587,38.495283651370656,45.06781739671835,8.22054922094948,12.614127202891078
37.555718129866534,64.2737746626028,99.63602900351945,37.04717316849154,44.66191665050414,8.283799649182289,12.713808879106846
36.78144971118664,66.24312422742628,99.66312241100985,35.65124617223504,44.26541169135415,8.34410858914928,12.805938144883877
35.98730646284909,68.21286584000585,99.60331147872823,34.30685071662419,43.87878278295739,8.401208182091871,12.890212873709421
35.175690778587345,70.1745079158454,99.45638419686836,33.013227866425616,43.50248704669557,8.4548625784004,12.96633597284429
34.34905910805413,72.11950635384026,99.2224543073798,31.769525569681146,43.13693956124099,8.50486900621272,13.034016083385723
33.509907824776164,74.0393057629784,98.90193626569278,30.57481151817525,42.78249699839689,8.551056360348475,13.092970179353975
32.66075511868323,75.92538279264673,98.49552219988122,29.428083142961935,42.43945124385209,8.593282580639373,13.142930792707437
31.804120386903943,77.7692899534737,98.0041615962892,28.328275307633902,42.10803701504723,8.631432555571331,13.18365742565197
30.942504150956918,79.56269923486998,97.42905008702364,27.274266871866253,41.788456354767916,8.665416876815558,13.214947371990203
30.0783734189455,81.29744612758836,96.77162831734168,26.26488709852392,41.480917686564034,8.695169800607845,13.236642045556419
29.214156694057152,82.96557394927787,96.03357918236517,25.298922020690142,41.18567370235964,8.720645496155292,13.248628952226555
28.352244715389116,84.55937589610747,95.21681416868324,24.375120454091856,40.90305415525737,8.741813759587707,13.250841927602782
27.49498713634559,86.07143230121706,94.3234552460682,23.49220251328027,40.6335350639858,8.758656845611961,13.243262891756984
26.64468263865553,87.49464446624836,93.3558202296331,22.648876700603186,40.37786730259657,8.771167935796171,13.22592571253718
25.803569637988563,88.82226944468117,92.31640800366597,21.843865475259836,40.13718627284393,8.779350285202646,13.198918555258864
24.97382179677356,90.04795738895757,91.20787877680421,21.07592916559799,39.91302110334848,8.783216118326722,13.162381920789315
24.157543583100782,91.16578685707304,90.03303148450519,20.34388482757191,39.70724729000828,8.782785333631717,13.116503685434752
23.35676145480332,92.17029254567628,88.79478162261961,19.646633179952918,39.52205797085288,8.778084204964593,13.061514166642217
22.573414730788212,93.05648725068191,87.49614003576471,18.983196301842078,39.35993421275991,8.76914531735368,12.99768449704762
21.809351106263783,93.81988635455608,86.14019268159906,18.35274138152226,39.22356666754295,8.756010401012281,12.925330113193995
21.066323742500085,94.45653759586543,84.73008233464905,17.754575309900122,39.11574278270131,8.738734252417927,12.844816132723942
20.345985103357485,94.96304779968254,83.26899353754911,17.18813031245958,39.03924111800012,8.717385803915139,12.756558290791611
19.649876916090623,95.33659978189131,81.7601427676816,16.652960383675293,38.996746361579284,8.692045478475336,12.661016919258413
18.97941705157514,95.57496214519261,80.20677439007014,16.14873819988792,38.99077434281115,8.662801442791963,12.55868678238775
18.335885806952472,95.67649603754518,78.61215883334559,15.675236768478754,39.02360092412278,8.629749486065505,12.450086638205569
17.720415948668094,95.64015842801386,76.97959058036203,15.232298688905171,39.09720143692782,8.59300261653189,12.335750615269593
17.13398799058452,95.46549845822172,75.31239443037367,14.819804830751032,39.21320828981234,8.552709881009058,12.216221326417928
16.57742749623154,95.15264511205586,73.61395949327967,14.437652376541912,39.3728931116996,8.509071904541823,12.092043548300875
16.05140162231366,94.70228911037954,71.8878017680791,14.08574614100911,39.577174828999325,8.462342716808134,11.963757777998444
15.556416987378135,94.1156627201766,70.13761521018935,13.763999496408442,39.8266351370542,8.412821640216038,11.8318939259649
15.092821633764725,93.39451876483454,68.36728155245116,13.4723418688572,40.121516627719934,8.360843514168222,11.696965902812984
14.660809211957963,92.54110922241172,66.58086270698834,13.210728171020538,40.461703476829335,8.306770121998996,11.559467437560237
14.26042219844584,91.55816346442307,64.78260064555508,12.979137410690742,40.846703236494406,8.250982439343693,11.419869385695485
13.891554407506026,90.44886550889122,62.976919620259466,12.777555537590525,41.27564204021239,8.19387297954919,11.278619526506219
13.553954650023796,89.21683006791699,61.16843784297413,12.605954231796492,41.74727370599306,8.135837515738018,11.136144538287866
13.247231815179898,87.86607804907118,59.361993557885434,12.464276093624603,42.259998422987046,8.077266288512835,10.992851690922947
12.970860221796771,86.40101219993196,57.56264619404098,12.352423980892002,42.81188772937472,8.018536566686235,10.849129334465477
12.724184158512735,84.82639305635477,55.77562271456788,12.270248127092282,43.40071851774285,7.960008880891179,10.705347889634417
12.506421964740348,83.1473142444639,54.00623359189702,12.217530368746461,44.02402501555021,7.902026325185697,10.561861910460362
12.316671032226465,81.36917543420749,52.25978858815897,12.193968525834956,44.67916917432938,7.84491367212397,10.419011497726954
12.153914430945072,79.49765269297113,50.541517707916164,12.199161949285536,45.36341277264406,7.788975274549813,10.277121533793473
12.017029296604194,77.53866799199164,48.85649723126169,12.232598386137608,46.07397330918447,7.734493377260553,10.136498478877222
11.904798003392797,75.49836041207612,47.20958439998597,12.29364349962225,46.808060392899215,7.681726669561023,9.99742578303495
11.815923846724523,73.3830621958429,45.60536278245047,12.38153369902141,47.562904738593744,7.630907720929304,9.86016083507712
11.749049977264388,71.19927983898042,44.0480972750326,12.495372497524707,48.335799224113806,7.5822401105980255,9.724936620582639
11.702776152129575,68.9536736629488,42.54169872365101,12.634131334997184,49.124155575103536,7.5358965991955245,9.591967478488227
11.675670652253554,66.65303163882147,41.089700330404376,12.796654201774075,49.92554594550625,7.492018073586563,9.461454588676471
11.666280422117342,64.30424698895243,39.695244190696236,12.981663424374533,50.73770210315956,7.450713033997063,9.333588708449991
11.673141001311452,61.914311210698166,38.361071990965925,13.187765250599915,51.55849496924225,7.4120582390782905,9.208552104195693
11.694783733662867,59.490313742478534,37.0895175174536,13.413455614562867,52.38593104188251,7.37610031424314,9.086523579619916
11.729738921674112,57.03942595579329,35.882503110376085,13.657126523940612,53.21815690700417,7.342857334466421,8.967688504215642
11.776536752394117,54.56886319412713,34.741541348156005,13.917075853848173,54.053438653912046,7.312320521944727,8.852249338353596
11.833708202090426,52.08583938450491,33.667741441437464,14.191528165456694,54.89011354728048,7.284457659013965,8.740428898404126
11.899787044858895,49.597527201226235,32.66181821270843,14.478668757833589,55.72653752175847,7.259218811687639,8.632465166701229
11.973313726827286,47.111023080169495,31.7241012114319,14.776677593755359,56.56104339838874,7.236541824831466,8.52860359584057
12.052841013608022,44.63331118197756,30.854544270108942,15.083749322515166,57.39191547510299,7.216354433101256,8.429091409513626
12.136939944564668,42.171224794968985,30.052736966366975,15.398100974067775,58.21738321510752,7.1985730432638055,8.334173077611187
12.224205697471676,39.73140742023429,29.317918072918147,15.717974778996096,59.035627665608,7.1831004608473075,8.244084789744045
12.313264659243341,37.32027609760535,28.648991703823423,16.04163984660436,59.84479341762605,7.169824167516279,8.1590490182358
12.402782105994872,34.94398920082711,28.04454776647246,16.3673952244266,60.64300080664642,7.158616452697012,8.079271825096699
12.491467819959796,32.60842007560016,27.50288605192826,16.693576775781207,61.42834711191952,7.149339595433547,8.004942326241588
12.578078846106873,30.319135813399278,27.022041851667126,17.01856748587007,62.198894818975674,7.141859284174353,7.936231360329467
12.661421086344742,28.081379035002296,26.599815529514405,17.34080687957743,62.95266564599093,7.136062215227611,7.873288322837484
12.74035140556992,25.90005160133156,26.233814704447287,17.658796709514476,63.68765698779531,7.131866882659467,7.816237926182053
12.813780655496748,23.77970071593317,25.921510428344426,17.971106339379638,64.40187581034215,7.129222493429877,7.765179411299567
12.880677249378635,21.724507782013657,25.660289368291878,18.276380344462584,65.0933743569112,7.12810196810451,7.720188604902683
12.94007124325234,19.738279744015102,25.44748300261867,18.57334329894362,65.76028065099554,7.12849576399366,7.681320384545549
12.991059413166253,17.82444321269584,25.280376045297327,18.860797282503555,66.40082300179948,7.130407137223847,7.648609417629636
13.032811295850687,15.986042399660306,25.15620710362402,19.137615359801682,67.01334049931913,7.133847430871627,7.622069223772014
13.064574921529701,14.225740428049821,25.072168671430603,19.402736337130403,67.59627292848135,7.138832000075004,7.601690445213865
13.085680656491132,12.54582185840012,25.025409157066346,19.655162804621238,68.14813933194483,7.14537848346356,7.5874390644715435
13.095542838401208,10.948196009524223,25.01303965530621,19.893962554884066,68.66752231824833,7.153509722326505,7.57925504116283
13.09365992795321,9.43440316432259,25.03214514843839,20.118272440074016,69.15306710594805,7.16326203500893,7.57705147758261
13.079613384721059,8.005625321525683,25.07979681325176,20.327301685864178,69.6034885686277,7.1746937682481695,7.580715207051791
13.053064916594234,6.662702498350392,25.1530691873554,20.52033142107852,70.01757318699785,7.187887800684599,7.590111268662616
13.0137527933339,5.406154081534969,25.249075437695033,20.696710686711302,70.39417356703503,7.202947544538243,7.605091038991508
12.961489294318916,4.2362005195788885,25.365024132914822,20.85585245334218,70.73220363206381,7.219989579595167,7.625498345618133
12.896160823498398,3.1527814976010315,25.4982749387935,20.997232393240825,71.03063893081269,7.23913568088102,7.651169773773826
12.817730808166347,2.1555731858926555,25.646363801809482,21.12039029660533,71.28851923060995,7.260506106902872,7.68193159322686
12.726244201638114,1.2440066856811165,25.806994015066323,21.224932095145938,71.50495361078293,7.284214979836871,7.717596298508866
12.621830423945802,0.4172830131158487,25.97801250024464,21.31053081517068,71.67913237366886,7.310367726874461,7.757960945814782
12.504701772398871,-0.3256191234494344,26.157386424313092,21.376927678019197,71.81034320170686,7.339059305460258,7.802810797613227
12.375147937370729,-0.9859391802120755,26.34318330185146,21.423935552853326,71.89798733346474,7.370370940403052,7.851928604352711
12.233529650793319,-1.5651289809447642,26.533554403974208,21.451443398894703,71.94160216539193,7.404364632780928,7.905103589814394
12.080273280484077,-2.064842736717839,26.72672169053259,21.459418664154633,71.94089292354494,7.441077184754757,7.962134346358109
11.91586594082212,-2.486923060191334,26.920968121101556,21.44790695600988,71.89575627396364,7.480515856706608,8.022826026586673
11.74085049170833,-2.8333864459604543,27.114630769395664,21.417029147928673,71.80627767336296,7.522656277631806,8.086986313157505
11.555820594701233,-3.1064114721865987,27.306095821700325,21.366976779355507,71.67270553880411,7.5674417250919435,8.154425203788833
11.361415424589591,-3.3083284100183916,27.493795356519158,21.298009052167455,71.49541831735395,7.614783301797881,8.224961434771426
11.158314530213177,-3.4416077931564617,27.676207416245475,21.21045246647433,71.27489651924125,7.664561825957904,8.29843149374347
10.947237172779102,-3.508849356967364,27.851859325243062,21.104699294704176,71.01170516416855,7.7166317997499405,8.374692852654983
10.728948507992875,-3.512773983601982,28.019331311713493,20.98120357121491,70.7064868545418,7.770826900395801,8.453619293481859
10.504265477316276,-3.456217773976696,28.177258156888165,20.8404773537703,70.35996031872367,7.826966237159238,8.535093911240082
10.274053875592081,-3.342125324504244,28.32432880598348,20.68308693097322,69.97291889694557,7.8848604660326425,8.619004536177254
10.039217371304286,-3.1735403801127853,28.459285141536725,20.509646276126222,69.54622635305255,7.944316746565131,8.705241210367864
9.800684005219976,-2.953593099239059,28.580921455456078,20.320808170688526,69.08080819677785,8.005141998537914,8.793692815401094
9.559393517356705,-2.6854850002819832,28.68808586007968,20.1172555578786,68.57764443077225,8.067145937931018,8.884241719447315
9.31628728639069,-2.372474951170521,28.779685153526795,19.899695084095992,68.03778368441961,8.130146994621084,8.976758404530438
9.072301623767766,-2.0178681245891794,28.854692952747804,19.668853444237964,67.46238378904552,8.193982772215218,9.071098222388274
8.828362403079456,-1.6250059227657851,28.91215708230137,19.425475226101156,66.85274571344763,8.258521844125063,9.16710023854082
8.58537786976316,-1.1972542849851613,28.951203218541927,19.17032008034542,66.21031312886358,8.32367017122236,9.264586471976552
8.34422926313509,-0.7379904707706981,28.971036191358625,18.904158268539337,65.53665010071146,8.389371216628609,9.363360279276693
8.1057613017601,-0.25058951627796744,28.97094080240908,18.627765338072184,64.83341699263464,8.45560479968056,9.463205181199209
7.870774219823701,0.261589181926176,28.95028286964516,18.34191750315573,64.10234844027495,8.522384359887042,9.563886132573154
7.640018443092591,0.7952145038785572,28.908511339664052,18.047388876900374,63.34523300628856,8.589749280059461,9.665151846192282
7.414192481788415,1.3469945277085797,28.845160776317467,17.744950239759696,62.563894052823976,8.657756127330149,9.766735662971055
7.193943239249055,1.9136859388312797,28.759852024296077,17.435367842588647,61.760168607467605,8.72647659062355,9.868356602320244
6.979867228280971,2.4921034634801322,28.65229063363805,17.119401019165096,60.93588381524815,8.796002928724807,9.969725035056284
6.772512531160369,3.0791308402542756,28.522265046793578,16.79779885036269,60.09283639732501,8.86645211219151,10.07055448417448
6.572383520693987,3.671733306266038,28.36964794369955,16.471298398964173,59.23278045525981,8.93796107664065,10.17057483831413
6.3799493933006115,4.26697018300313,28.19440318245223,16.140628573928733,58.35742418623833,9.010675320902916,10.269539976822617
6.195652692848501,4.862006119143903,27.996594798114124,15.806519175417606,57.46843378336691,9.084736730084204,10.367228245423718
6.019912262555302,5.454120093210851,27.776391196616142,15.469707477131463,56.567446226494354,9.160273554711413,10.463439779455415
5.853119973498041,6.040712283792939,27.534063216491646,15.130937633930406,55.656093803435006,9.23739382782846,10.557993995466433
5.69563541672821,6.619310005704848,27.269979414546302,14.790956507415187,54.7360313402296,9.31618212930732,10.65072833597543
5.547781748827475,7.187573967365111,26.984600552954646,14.450509180514953,53.808948005762595,9.396697266676501,10.741498589299844
5.409842166243169,7.743305315625526,26.67847369959702,14.110333592356149,52.87655795293451,9.478969146838203,10.830179393564734
5.282056033076828,8.2844524686782,26.352226287033023,13.771154662995594,51.94057930966889,9.562995615345203,10.916662567348945
5.164616450153115,8.809115965674327,26.00656027996099,13.433679578713718,51.00271303411143,9.648739902563308,11.000853007842865
5.057672056011824,9.31555113104478,25.642246438806474,13.098594232262434,50.0646307844071,9.736129462509965,11.082663617264686
4.961332688753668,9.802171397247053,25.260118535033968,12.76655957894369,49.12797302983705,9.825059665230869,11.162009931208978
4.875674877285664,10.267556344372625,24.861067133568245,12.438208798216259,48.194346582363444,9.915403722782788,11.23880487472616
4.800744276681917,10.71046414894455,24.44603291071482,12.11414949468738,47.26531300295787,10.007022543980629,11.312954944693335
4.736556536551274,11.12984281217791,24.01600030668433,11.794973217362909,46.3423735391999,10.099767604828743,11.384358450914123
4.683099334681511,11.524835169941182,23.57199459902568,11.481266434954915,45.42696043349404,10.193478490129497,11.45290494382724
4.640335753301401,11.894776412128197,23.115089996498416,11.173614220152455,44.52043643685938,10.287981699694733,11.51847469083183
4.608206815020196,12.239186316496841,22.64643176518749,10.872595316827736,43.62409819540438,10.383093101127553,11.580937678875337
4.586630733952657,12.557759175694857,22.16725791528918,10.578773488884291,42.73917868375207,10.478620626683366,11.640152133349451
4.57549870813397,12.850351051809563,21.67890239313691,10.292689225291964,41.866844899307914,10.574365107563986,11.695963232910612
4.574669886667701,13.116963574531729,21.182780934809163,10.014853505538907,41.00819038965032,10.670121755229012,11.74820379137149
4.583967817949635,13.357727101039888,20.680371947286485,9.745743633364977,40.16422656364483,10.765684459850473,11.796697910166438
4.603178615825874,13.572885832548492,20.173197743197854,9.48579989551239,39.335876179807656,10.860851508408981,11.841265656194963
4.632050468422037,13.762784545075407,19.662805885326254,9.23542242708622,38.523968504025646,10.95542938460739,11.881725936303619
4.6702937555728345,13.927856229988802,19.150751541157398,8.994969268780352,37.72923461818355,11.049232769275006,11.917897184496328
4.717580489983153,14.068610739367468,18.638582393984272,8.764756402059344,36.95230313558555,11.142081710749347,11.94959788827714
4.773543131220607,14.185624369152617,18.127828154151608,8.545059422113058,36.19369937536981,11.233797487367998,11.976648474771757
4.837774586688184,14.27953004606192,17.619996265890947,8.336117217635115,35.45385489472434,11.324198026579467,11.998873334785506
4.90983072515195,14.351008248774757,17.116570402578887,8.138138190117212,34.73313146017819,11.413093870272814,12.016101577004148
4.989235084818941,14.400779305446452,16.619005402555597,7.951306553496748,34.03184951047155,11.500285759633407,12.02816809233057
5.075484390602775,14.42959730215243,16.12871705460722,7.775784805240626,33.350305574212534,11.585564418649438,12.034916481324835
5.168053730891727,14.438244957232993,15.647069194253017,7.611711817969129,32.68877832570934,11.6687120225382,12.036202367999614
5.266401404764903,14.427529192197992,15.175360183469056,7.459199161818552,32.04753255804815,11.749503682302606,12.03189561316827
5.369973585638282,14.39827865865086,14.714811711241223,7.318327554066268,31.426821506013006,11.82770731160556,12.021882125707469
5.478208242889373,14.351343537920195,14.26656255536456,7.189143633227348,30.826886681422344,11.903081926106521,12.006066252204281
5.590538552308876,14.287597829146623,13.831665455220833,7.0716574884354,30.247961755670048,11.975376206412317,11.984373583799904
5.706398155166116,14.207950071595771,13.411083370502347,6.96584223367225,29.690281413533096,12.044329087008476,11.956753089782259
5.825229611138266,14.113365155565743,13.00568454077633,6.871635967535652,29.154089471368412,12.109673231183523,11.923177290953733
5.94649233888891,14.004884678461583,12.61623806448853,6.788944728733174,28.639644042515673,12.17114190265955,11.883639862931485
6.069665531516843,13.883633850636224,12.24341112837193,6.717644752046098,28.147216363573,12.228478092916715,11.83815157341902
6.194246647161156,13.750817303375301,11.887767433939379,6.657583059023574,27.677079686430876,12.281442621158275,11.786737761092507
6.319748346728963,13.607708626376587,11.549765488013882,6.608576438308856,27.229493885281794,12.329818807571243,11.729441436350442
6.445695170911965,13.455635529693925,11.22975676085719,6.570409839546482,26.804692513596443,12.37341344205361,11.666331843847292
6.571620477918644,13.295964975490342,10.927985347682661,6.542834759767914,26.4028703346452,12.412054969518252,11.597512427093942
6.6970640661521355,13.130091027707941,10.644589904671832,6.525567015635816,26.024168366592587,12.44559199568335,11.52312311543724
6.821570547730478,12.959422075517825,10.379607231876996,6.518284098691164,25.668658828481732,12.473897347808434,11.443337894313814
6.944688650372475,12.785364184386696,10.132977908794276,6.520623910966751,25.33633466269199,12.496879825403909,11.358361912670697
7.065972118011875,12.609302750383229,9.904556169104394,6.532185920070907,25.027109411427553,12.514497785713388,11.268431608722116
7.184982591995711,12.432586043442445,9.694123820062044,6.552533643903446,24.7408295417474,12.526765675581341,11.173817525553101
7.3012943393545715,12.256511520297904,9.50140309028324,6.58119700947642,24.477291083323244,12.533750840848281,11.074825705591785
7.414500815540198,12.082314509448329,9.326064103647411,6.617674888324645,24.236249785834776,12.535564973478106,10.971794467151685
7.524221521560519,11.911159321149292,9.167728161537326,6.661438863067886,24.017420968958042,12.532355888971638,10.865087152732897
7.630105719658467,11.744133064545432,9.025969902791607,6.7119379780880974,23.82047100306802,12.524302927321106,10.755083304642525
7.731832150310705,11.582242362529309,8.900319512938289,6.768603574378139,23.64500500780786,12.51161589608618,10.642170173695375
7.829107506101353,11.426412261731397,8.790267290987925,6.83085400985385,23.49055730364589,12.494534447348743,10.526735983592792
7.921665257556223,11.277484969285597,8.6952780955277,6.898099506814644,23.3565927553267,12.473324937607488,10.409167305173487
8.009263825862798,11.136216491335983,8.614817824681703,6.9697467755412035,23.242520445797684,12.448275793727289,10.289852931052486
8.091683430697111,11.003271812763291,8.54837665943074,7.045202450472952,23.147708032796658,12.419695363465726,10.169193913349709
8.16872258043976,10.879219987237365,8.495479077639613,7.123875247543526,23.07148739289371,12.387913017252606,10.047615170106548
8.240195545197952,10.764529453684588,8.455701267160956,7.20517800722245,23.013155272861418,12.353278787523555,9.925571620553072
8.305931890895017,10.659563977651834,8.428713426610928,7.288530167614958,22.971972481608592,12.316158131014243,9.803545631315941
8.365779187578172,10.564581976251082,8.414321610827933,7.373359748124556,22.9471588514196,12.276923857653157,9.68203953174146
8.419608250369809,10.479744398875951,8.41247513442675,7.459104506138999,22.937884228034,12.23594925404367,9.561569068010357
8.467317630205331,10.405131705711664,8.423242048097308,7.545213223039295,22.943260117017527,12.193605674051867,9.44265973294568
8.50883495366728,10.34076208591732,8.44677442212241,7.63114708406821,22.962334951246486,12.150265699690053,9.325842495875133
8.544115913985653,10.286604463135268,8.483274760779048,7.716380443134609,22.99409493610555,12.106309013646932,9.211645434834958
8.573142692819808,10.242585841920608,8.532965494633013,7.800402434216435,23.037474406526318,12.062125346509982,9.100583643003109
8.595922057907876,10.208592862330294,8.596062034405072,7.882721957991824,23.091376695243067,12.018111165922841,8.9931537181498
8.612482531509741,10.184468777402646,8.67274947644042,7.9628750624864715,23.15469731952629,11.974661564642467,8.889836823840557
8.622870966950492,10.170010045744581,8.763162588577714,8.040430075315381,23.226338674501232,11.932160120857562,8.791106652035536
8.627149498892985,10.1649647550759,8.867368468139462,8.114988627941157,23.305215803959815,11.890968906803144,8.69743351036144
8.625393515880264,10.16903208449287,8.985352026466266,8.186186404642722,23.390260767961866,11.851420971820284,8.609282174375629
8.617690626130797,10.181863902524299,9.117006154135897,8.253697287863886,23.480427703552316,11.813815944609992,8.527110085136908
8.604139763475112,10.203072470675824,9.262128145599165,8.317238956394988,23.574694722251227,11.778417741803008,8.451369903855255
8.584850141188928,10.232243855799057,9.420420859852252,8.376574662223568,23.672061717944484,11.745456093418056,8.38251244256566
8.559941577946168,10.268949167345037,9.591495126123817,8.431508977851161,23.77154719504623,11.715134564729864,8.320985358626755
8.529547278484381,10.312747484814162,9.774871878437494,8.481880290559486,23.872187081889503,11.687640909949693,8.267227852173326
8.493817197401606,10.363182925704281,9.9699848187872,8.527553999213715,23.97303723747579,11.663151298843493,8.221663128689968
8.452919361029348,10.419781211843452,10.176183847277667,8.568418958493373,24.073180434251956,11.641826357232786,8.184688895959347
8.407038799257938,10.482047278270867,10.392739169573456,8.604388244037692,24.171736065553304,11.623804396469863,8.156666432881229
8.356375064829855,10.54946300454129,10.618847213740546,8.635402733663279,24.267868380844263,11.609196683280185,8.13790992624514
8.301139165308735,10.621484996132168,10.853638568088876,8.661433243204419,24.3607902463302,11.598085294792194,8.128677739080354
8.241550865150183,10.697542901464463,11.09618577015541,8.682478303534017,24.44976249236507,11.590522336142552,8.129165997851295
8.177836999539705,10.777038654597836,11.34550930889446,8.698559476992088,24.534091818962185,11.58652909451601,8.139503293668431
8.110230359322085,10.859347083050986,11.600582426963161,8.70971770560225,24.613130793649635,11.586094781361536,8.15974550307834
8.03896877788248,10.943818621653085,11.860336033294693,8.716011224685404,24.686279538216738,11.589178648856167,8.189871277160654
7.964295739679342,11.029787404035808,12.123664384327112,8.717513826485675,24.75298671109522,11.595718643123536,8.22977918442984
7.886463423216521,11.116588920021682,12.389430970710068,8.714313288933482,24.812750007821435,11.605641604312046,8.279287153251135
7.805735762497133,11.203583155801535,12.656473465290997,8.706509952108265,24.865115961538034,11.618868737604076,8.338134974011366
7.722389009722527,11.290171503984446,12.923607624320995,8.694214749804,24.90967644080875,11.635317268537914,8.40599083279729
7.636710360370311,11.375803256446185,13.189631829589443,8.677546683908313,24.94606140710901,11.654900584101924,8.482462457210787
7.548995405109729,11.459977375058699,13.453334039700854,8.656630150046976,24.9739306267698,11.67752605844468,8.56711203698341
7.45954451451346,11.542242645193369,13.713500107386379,8.631591911824243,24.99296710486357,11.70309117221473,8.65947117601074
7.36865988994162,11.622194712913629,13.968922037395162,8.602557973846665,25.002873527388964,11.731482112239496,8.759050369648481
7.276645227227506,11.6994699233847,14.218412998900195,8.569651104289944,25.00337081565777,11.76257998434172,8.86534171685193
7.183806962981148,11.773738121943316,14.460841009078301,8.532988798688695,24.994196806510725,11.796274216975679,8.977819348233183
7.090454202462051,11.844696613245135,14.69517534137888,8.492681103406479,24.975104518869234,11.83247332753401,9.095940727330724
6.9968967447152455,11.912065701481538,14.920518460770449,8.448828506149408,24.9458610640504,11.871104660654167,9.219147460698572
6.903442794558789,11.975584779125244,15.136109904861552,8.40152047022232,24.906248187160323,11.91210633044886,9.346864106691525
6.810396854560385,12.035008386202131,15.341317375811567,8.35083520883139,24.856065079238846,11.955418890366165,9.47849595489112
6.718058063075034,12.090103261625467,15.535630442156322,8.296841028886302,24.795134207857984,12.000980312849636,9.613427945107055
6.626719865874244,12.14064855847278,15.71865434901608,8.23959840090082,24.72331030813338,12.048724441012958,9.751026342441392
6.536670368459493,12.186439584170715,15.890097700489035,8.179161510270381,24.640490821957222,12.098581630459575,9.890643083677649
6.448191740904227,12.227292043552655,16.04975567748851,8.115579770779178,24.546624724537256,12.150480765738749,10.031621455765922
6.361557905864712,12.263045386881073,16.197493627681848,8.04890050382907,24.441718475599117,12.204351552950703,10.17330279602252
6.27703126913354,12.293570223594083,16.33323362962813,7.979171846679612,24.325839325770914,12.260123748635715,10.315035830000804
6.194862110968474,12.318784307651741,16.456944083242174,7.906444035203512,24.199114448383238,12.317722956767732,10.456189095536416
6.115294896688652,12.338673558569011,16.568631106038765,7.830769335102479,24.061726887584545,12.377069662490204,10.596162418069222
6.038579029670458,12.353312814285417,16.668330985204125,7.752201952195487,23.91391433352927,12.438084721489764,10.73439184760723
5.964974760051666,12.36288142414074,16.756103332238713,7.670798466550645,23.755971652204114,12.500694335259258,10.870347397382602
5.894749593764368,12.367665430923998,16.832023969184245,7.586619901498143,23.588249597889476,12.56483004660067,11.00352845555846
5.828169969369549,12.368046205465905,16.896177442901728,7.499736301892382,23.411145492151572,12.630427509437453,11.133461297385054
5.765494759090355,12.364487043932444,16.94865112761881,7.410232183359238,23.225091649979895,12.697426172327228,11.259698349840171
5.706972670360562,12.357523378590761,16.989532492918666,7.318211763751096,23.03055065247146,12.76576943975928,11.381816321847706
5.6528408440102815,12.347752223013822,17.01890860445666,7.223804709435954,22.82801962791349,12.835405487898853,11.499412896358534
5.6033213403423,12.335817842397379,17.036867056379258,7.127170676538005,22.61803579740778,12.906286294696484,11.612105148966336
5.5586163745565,12.32239574129661,17.043500767342152,7.028499905672061,22.40117679946915,12.978362791307502,11.71953143335332
5.518905739814976,12.308177534637219,17.038917872098367,6.928010950465969,22.178059795968863,13.051578968709338,11.82135389277446
5.484347157654295,12.293855818156656,17.023251249084094,6.82594836905412,21.94934359337608,13.125867819173179,11.91725831730868
5.455076723451845,12.280107115544924,16.99666173509724,6.7225806590354535,21.715728513460515,13.201148727586745,12.006951424358714
5.431207269803766,12.26757463555162,16.959336507504243,6.618197037423509,21.477947725159048,13.277326787809509,12.090157163359986
5.412826159767064,12.256855525135055,16.91148704264866,6.513103571831784,21.236751564801807,13.35429737568568,12.166613913705953
5.399996599508657,12.248495700168451,16.85334754993926,6.4076207150572895,20.99289056478452,13.431956432053397,12.236074493522102
5.392765066436553,12.242989766550675,16.785172983534125,6.302081864049104,20.747101764715083,13.510209808769176,12.298309004027518
5.391171168744249,12.240779581356435,16.707236584215718,6.196830315566743,20.50010172260149,13.588976260031258,12.353108444549566
5.39525240940577,12.242248790179662,16.61982719367549,6.0922139947797085,20.252586465539785,13.66818599476583,12.400287529795744
5.405041453742279,12.24771639093157,16.523246815725575,5.988579929597588,20.005233307321227,13.747778058890818,12.439687740620995
5.420559629177345,12.257431434535004,16.417809215055748,5.886270091062625,19.758702658823577,13.827699103225514,12.47118184702748
5.441809775745495,12.27156800156086,16.303839503990446,5.785618819176668,19.51364452540926,13.907904515839743,12.494677497843576
5.46876938871578,12.290220568114478,16.181674117267484,5.686951446062232,19.270707880752777,13.988357395137132,12.510116842953048
5.50138482505538,12.313401614354728,16.051661083461003,5.590583644416009,19.030543662603435,14.069022253735925,12.517473031079964
5.539566786144249,12.3410424123241,15.914160511982915,5.496821374483446,18.79379909313277,14.149858731936746,12.516746630851387
5.583186963036693,12.37299621391462,15.769544818211697,5.405961180154536,18.56110919102365,14.230820176649695,12.50796487221909
5.632076277379278,12.409043024343033,15.618198165444387,5.318289676853321,18.333091676526532,14.31185351861871,12.491185344082611
5.686025046421237,12.448896213052587,15.460516200901406,5.234081708270898,18.11034716141914,14.392895078209358,12.466502419321614
5.744784495060591,12.492212348021194,15.29690993617021,5.1535985310102355,17.893459440675684,14.473863275129634,12.434051690248312
5.808068307910475,12.538604911712092,15.127814803422172,5.0770867320331945,17.682989759902032,14.554653163093464,12.394009135946032
5.875553830984164,12.587658968918397,14.953698315591582,5.004776277164139,17.47946599527862,14.635135967103768,12.346586230008949
5.946883964636666,12.638942875062575,14.775059764901634,4.936876943469304,17.283370999064545,14.715164503337222,12.29202435275749
6.021669908238227,12.692016175457969,14.592422970330428,4.873575943126773,17.095131986935666,14.794581704630676,12.230590458326866
6.099493652759622,12.74643401056042,14.406327632487288,4.815039823648711,16.91511100470716,14.873224777697184,12.162574350915904
6.179910271310643,12.801748749183572,14.21732562460254,4.761419293496701,16.743596904849927,14.950921675041352,12.08828756127398
6.262451269103039,12.857511788322123,14.025987026761173,4.7128529708967095,16.580801469322797,15.02748652126719,12.008063651848996
6.346629188660903,12.913278183498514,13.832912468667859,4.669468159156424,16.42686311584419,15.102721466468118,11.92225964775882
6.431942250079947,12.96861338508755,13.638740051645149,4.631379184181586,16.281858688446448,15.176424450505294,11.831257375788883
6.51787829654599,13.023099142934472,13.44414115647915,4.59868445448716,16.145820065235085,15.248396928221535,11.735462092467388
6.603918541314107,13.076336460895586,13.249810709991651,4.571463352896316,16.018749294801818,15.318447910548064,11.635297260809535
6.689541385824421,13.127946628998673,13.05645656742405,4.549773466343425,15.900626058214383,15.386395739851267,11.531197867632942
6.774225982664502,13.1775744528482,12.864787371600746,4.533647752936318,15.791407804565823,15.452069878303625,11.423605754919718
6.8574558194838895,13.224895373632263,12.675499355406536,4.523091459927495,15.691028796886432,15.515313212806362,11.31296800828157
6.938722815655729,13.26962128497394,12.489264261550591,4.5180813563739,15.599400878785438,15.575984868918393,11.199736086822186
7.017531642481769,13.311500012339632,12.30671920010179,4.518572039294735,15.516412675472113,15.633963514638316,11.08436311513519
7.093403615907419,13.350311092416387,12.128458684612918,4.52450913753203,15.441924713301093,15.689151937030033,10.967299569332933
7.165879498223629,13.385864405719751,11.955029284876854,4.535841145883995,15.37576213973727,15.741483366046841,10.84898947465275
7.234521360141019,13.4180049284443,11.786926402027712,4.552522613527249,15.31770863484976,15.790925967926052,10.729868296103252
7.2989159417565315,13.446619654993432,11.624592594342113,4.574509939737298,15.267505108566775,15.837481938811075,10.610361157268118
7.358681335173873,13.471639089747866,11.468418181010987,4.601755403918985,15.224855492053228,15.881183120043847,10.490879728378442
7.413473806067386,13.493030718935637,11.318744136002064,4.634202571780239,15.189440020281554,15.922086393591815,10.371818487862964
7.462990656921471,13.510788320247148,11.17586466773194,4.671782509389093,15.160932120452976,15.960270441818853,10.253551489306272
7.506970321534202,13.524921697590669,11.040026822780906,4.714409925686662,15.139009562200926,15.995833247547358,10.13642933453216
7.545193010561472,13.535448692736626,10.911427298579776,4.761979750296585,15.123354366474278,16.02888656572426,10.020775838354837
7.577482168634671,13.542389192926176,10.79020897282338,4.814364557148299,15.113646118432461,16.059546652567732,9.906884652121805
7.603705313558939,13.545760469717106,10.676459883845475,4.871413157573868,15.109555038259098,16.08792710802761,9.7950172876306
7.623773776228041,13.545573558570968,10.570215904800763,4.932950879223637,15.110736488850097,16.11413749694389,9.685404778413389
7.637641372818181,13.54183056297219,10.471466028147837,4.998781110472995,15.116826512193962,16.138284005482273,9.578253113111385
7.645302189352397,13.534522910272404,10.380156889177073,5.068686931827117,15.127438319619351,16.160468770074882,9.473748552708933
7.646788183718366,13.523630972647217,10.296193652988254,5.142431735042089,15.142159798219948,16.180789625745792,9.372058708411968
7.642166778788944,13.509125366678795,10.219438368587225,5.219758493023223,15.160551934859372,16.199340609375604,9.2733294752753
7.631537642272179,13.490969343970992,10.149713236343509,5.300388514618786,15.182148876022845,16.216209417617325,9.177681361847098
7.6150284197917495,13.469122853870733,10.08682465312874,5.384020918200919,15.206461264144135,16.231469994753365,9.085209068031794
7.592790335751371,13.44355169501258,10.030616111341267,5.470333955011117,15.232982909478851,16.2451740013125,8.995985096529097
7.564994820417384,13.414241869582037,9.98102510225202,5.558988800655659,15.261198072321752,16.257347773492047,8.910063631841659
7.531831821981041,13.381212490644346,9.938107907666625,5.6496350534103605,15.290586842798493,16.267998042102032,8.82748079342446
7.493509499534826,13.344522097393277,9.90202988350812,5.7419166051278685,15.320628085551467,16.2771220120263,8.748252482804487
7.450254346530879,13.304269027102682,9.873044000121736,5.83547745990518,15.350799961972108,16.28471406281071,8.672374250207621
7.402310960238588,13.260587967237049,9.851470493215244,5.929967148533907,15.380579166750396,16.290766462939413,8.599824455663345
7.349940822738065,13.213643815139081,9.837677287051397,6.025043964161136,15.40944186097236,16.29526830318077,8.53056723652472
7.293419729381949,13.163622872164193,9.832059430822433,6.120374471560097,15.436868974550004,16.298207332101097,8.464552706705124
7.233034541506511,13.110721857314957,9.835017776377894,6.215630937161221,15.46235594403455,16.299573994532317,8.401716397268713
7.169080507453122,13.055137217418217,9.846938203357368,6.310490771116546,15.485423870861744,16.299363268593325,8.341980675921006
7.101859888458331,12.997057708911093,9.86817233597546,6.404640336693857,15.50562919485053,16.29757412827039,8.285257771075491
7.031682197094312,12.936661545443842,9.89902038257173,6.497780770048724,15.522571692496442,16.294213977056174,8.231452033127507
6.958866133905291,12.874117193507285,9.939717001823395,6.589631001814201,15.53590093506687,16.289310702995543,8.180460189573672
6.883742581821179,12.809585511827654,9.990420355674237,6.679926404212765,15.545321200048324,16.28292204999141,8.132171051872934
6.806657029751409,12.74322065108222,10.05120362546405,6.768415647038221,15.55059512166113,16.275135557252856,8.086466821689935
6.72797023844528,12.675168574827637,10.122048640197747,6.8548585827549875,15.55154470595748,16.26606469196525,8.043226094914257
6.648057834198765,12.605564482459078,10.202843468779387,6.93902771609155,15.548049851070301,16.255844483906287,8.002326985880526
6.567309679382378,12.534532503107705,10.29338894100605,7.0207152762850935,15.540047238353118,16.244625179471353,7.9636489436159605
6.486128092341287,12.462192669628955,10.393414735417934,7.099742691962679,15.527528676918298,16.232567484227047,7.927073469765477
6.404923911181559,12.388675737039039,10.50259521671777,7.175965200894299,15.51053504964927,16.219844988913813,7.892485417009457
6.324111383066275,12.314136402599354,10.620558760770276,7.2492688584840925,15.48914659120473,16.20665239136065,7.859776225816319
6.244104195181575,12.238755611303304,10.746898559155152,7.319563942123745,15.463473823670085,16.193214883421348,7.828850033191353
6.165314926752588,12.162733876610568,10.881189357476702,7.386779167381089,15.433650781740091,16.179802198840786,7.799631731876814
6.088157555047141,12.086282773682585,11.022999291638385,7.450857739136316,15.3998291173989,16.166749666099953,7.7720721228157865
6.013048461994722,12.009617780699292,11.171888733114328,7.511754960473728,15.362172464675087,16.154471649966016,7.746146378605404
5.9404026575244275,11.93295193013985,11.32740209536381,7.569437823779567,15.320851777993585,16.143452867456343,7.721847725491108
5.870627367256319,11.856490094012806,11.4890603027325,7.623886623781107,15.276041672166485,16.134222787786975,7.699180158699755
5.80411587459965,11.780424566546042,11.656355196679796,7.675096555953678,15.227917095917327,16.127327173351134,7.678151705190943
5.741242218787201,11.704931655626096,11.828745133221597,7.7230765536553605,15.17665033264852,16.123306690726668,7.658767978145235
5.682357095349135,11.630169710184298,12.005652230778505,7.767845203491574,15.122408591404817,16.122686935406264,7.641026357979889
5.627784684006947,11.556280668279063,12.186461618437978,7.809426101017766,15.065351447383074,16.125979023994603,7.624911880646793
5.577819355257813,11.483395138066076,12.370521989696861,7.847844860012255,15.005627262787778,16.133684864136246,7.610394742034928
5.532723436852743,11.411638245614904,12.55714727853717,7.883128065927749,14.943368848986388,16.146297468951637,7.597428506311411
5.492728477147835,11.341134242839093,12.74562037095608,7.915302481904556,14.878689414101931,16.16429138684295,7.585948940595931
5.458038952932541,11.272008796606547,12.935198610653645,7.944393258645277,14.811680189531996,16.18810780544771,7.575873403456815
5.428834944250775,11.204387441248787,13.125119241073582,7.970422179326765,14.74241057493805,16.218139923318848,7.567100178280928
5.405272985250951,11.138390651129251,13.314603670436501,7.993407459097157,14.670930359212013,16.254721813702258,7.559509151950554
5.3874867792769425,11.074128679442909,13.502861157830607,8.013364957962855,14.59727280506862,16.2981241750342,7.552967393282543
5.3755892936173995,11.011698199547887,13.689093633910964,8.030309446984079,14.521457589581868,16.34855569607194,7.547339189238221
5.369676902587137,10.95118116407199,13.87250248812772,8.044255221615947,14.443494266934145,16.40616483701664,7.542493996486215
5.36983364745842,10.892647535613772,14.052294981460243,8.055216850437546,14.363387325427015,16.47104292022125,7.538308351845913
5.376132000775541,10.836162489091668,14.227687562435234,8.063210834463343,14.281141513844606,16.543231400157786,7.534664845550705
5.388629550916654,10.781794020439987,14.39790703042593,8.068257031800297,14.196765533175508,16.622726911280175,7.531451691607961
5.407364321153174,10.729616139676729,14.562192249065733,8.070377968323987,14.110274324647808,16.709476877005578,7.528562791377958
5.432350698173713,10.679706767078388,14.719803069383133,8.06959656979777,14.021691789063242,16.80336957781164,7.525896843133386
5.463575816886958,10.632142418104742,14.87005109358231,8.06593494875158,13.931054746776242,16.90422819868918,7.523355282173636
5.500996544203919,10.586993608392287,15.012352282638393,8.059415159141022,13.838415658554064,17.011813584619812,7.520840929159531
5.544538254819931,10.544325938329377,15.146268742176686,8.050060055975992,13.743841290543157,17.125831826097457,7.518259814835137
5.594095395528822,10.504207416804988,15.271513175128215,8.0378930076417,13.64740861783321,17.24593922168683,7.515526917447308
5.6495327210093755,10.466714916046804,15.38792886617107,8.022937760780483,13.549202460312253,17.37174155785277,7.512573764685758
5.710686277460874,10.431933018193265,15.495469959599257,8.00521965107811,13.449317541103579,17.502790593642374,7.509354291199912
5.777363249976431,10.399946389079028,15.594189391193021,7.984767348543963,13.347862478560305,17.638583411772473,7.505846842905192
5.849340786436519,10.370830656181175,15.684228576872114,7.961614463363174,13.244961610609707,17.77856771883696,7.502052839147695
5.926365264662208,10.344645077556423,15.76580320992421,7.935801545527666,13.140754318649497,17.922149273722454,7.4979935181128905
6.008153329367745,10.321427494951752,15.839185512994206,7.907378362269105,13.035394331342758,18.068695169274545,7.493705695409911
6.0943952083413695,10.301190179437805,15.90468642147072,7.876406215269382,12.929049949947865,18.217532115961575,7.4892370459223
6.18475946195601,10.283915829645366,15.962640419172736,7.842962129487107,12.821903239170137,18.36794332308196,7.484642015247485
6.278897363044549,10.269554745899777,16.013393454958106,7.80714569227203,12.714146335700116,18.51916653690166,7.47998033896805
6.376446386103528,10.258024269263558,16.057292758367304,7.769084249393782,12.60597572305652,18.670394360746307,7.4753183847764095
6.477033611780488,10.24921038790351,16.09467824329492,7.728932165267567,12.497586426116852,18.82077773604517,7.470729921281038
6.580279161441703,10.242970714904065,16.12587590352696,7.6868661649183405,12.389166915170215,18.96943283696335,7.466293145431453
6.685799210387844,10.239137890614849,16.151192960038035,7.643081185684422,12.280894545016388,19.115452329432593,7.462084566995904
6.793209163421843,10.237522491261613,16.170914673757263,7.597787504326106,12.172931653197026,19.257921680462093,7.458172332230666
6.9021277335656865,10.237915513324603,16.185302186209242,7.551207578278224,12.06542268225741,19.395936367332915,7.454611382382
7.012180612984066,10.240092255633613,16.194589634440632,7.503572417753204,11.958492203154178,19.52861331671771,7.451441562580015
7.123002128357846,10.243818921698836,16.19898020938987,7.455118298464054,11.852243996873698,19.655094741265632,7.4486877814001105
7.234235633373324,10.24886107064904,16.198643348485774,7.406083660833317,11.746761440444361,19.774547342064327,7.446361044245623
7.345533545503675,10.254993704064873,16.193716728702345,7.356705799072859,11.642108157001807,19.886160195645665,7.444460466525006
7.4565564203182575,10.262012638551717,16.18431447503288,7.307217971210845,11.538328076312574,19.98914338278597,7.442976333594332
7.566971804619168,10.269743322842439,16.170536528111562,7.257847575949503,11.435446791978748,20.082728890315465,7.441893428101373
7.676455102547733,10.278044000280188,16.152472848840645,7.208815094180261,11.333478301485515,20.166177022840923,7.44119384511066
7.7846918041976885,10.286804304015886,16.130204292349102,7.160332994716856,11.232437516703119,20.238791128598702,7.440858529762704
7.89137808264043,10.295941337862615,16.103809419979378,7.112603817826781,11.132351163843204,20.299935857156775,7.440866934522574
7.996219510232631,10.305394154818662,16.073381449137845,7.065817624170431,11.033260119152152,20.34904873473646,7.441196503869254
8.098929891591338,10.315116870469646,16.039045843286964,7.020149924314604,10.935214966027178,20.38564210576932,7.441826631753637
8.19923130082565,10.325071448702959,16.000966969883038,6.975759910242487,10.838271229921213,20.409303622403257,7.442749578739362
8.296855782495967,10.335222373339016,15.959344586810033,6.932787757604233,10.742487946262631,20.419702522158072,7.443983066542894
8.39154811162885,10.345534442370946,15.914409354955156,6.891351638607569,10.64792761306947,20.416598825089054,7.445575592734235
8.483067472771902,10.355973827865025,15.866422873168952,6.851546601150447,10.554654018594526,20.399849524009156,7.4476017471247475
8.571187547130123,10.366512593177486,15.815678246308165,6.813445958858448,10.462728368985998,20.36940968186982,7.45015199275815
8.655697461109611,10.377134455261322,15.762494941946652,6.777103777252424,10.37220639860622,20.325327362318845,7.453321611520361
8.736404633630944,10.387837656739217,15.707208767539075,6.742556738433456,10.283137148993035,20.267732848379325,7.457201052827044
8.813136947139512,10.398634869843278,15.650161128747898,6.709824804631192,10.195562052973866,20.196826556994182,7.461869226869578
8.885742556154868,10.409552963849157,15.59169125924798,6.6789128006577885,10.10951307183102,20.112869280052855,7.467390819562215
8.954088435712112,10.420631971349183,15.532138718539077,6.649817334019429,10.025009966134768,20.01617402642547,7.473817220866777
9.018058186954313,10.431921237447213,15.471858809757064,6.622539306170868,9.94205813863907,19.90709790333237,7.4811897200150215
9.07754872526784,10.443473733161964,15.411236995181856,6.597094121587364,9.86064943361722,19.786034934245368,7.48954314800221
9.132466516097269,10.45534004988211,15.350687024770556,6.573512777418878,9.78076670171934,19.653413105859073,7.498907523298146
9.182724454608074,10.467562242558433,15.290635487804431,6.551837095500063,9.702388522308572,19.50969757893285,7.509306823642165
9.22824000463347,10.480168480482858,15.231504328714317,6.5321163351805325,9.625489777907388,19.35539489316186,7.520757469854397
9.268934672248864,10.4931704980313,15.173696605536847,6.514407282559204,9.550038972962044,19.191050133296553,7.533270127615579
9.304734175099062,10.506563664662158,15.117585154653167,6.49877472600896,9.475996199891322,19.017237261721185,7.546854730394929
9.33556823192816,10.520327179278862,15.063503577846356,6.485288570603521,9.403312762830138,18.834549819775887,7.561524249913603
9.361369507686126,10.534424381409018,15.011739315381341,6.474017168828503,9.331930818401887,18.643595576521808,7.57729385273175
9.382072840150581,10.548805201272563,14.962531290729862,6.465019846777312,9.26178331929927,18.444992429863195,7.594176573838949
9.397616203861258,10.56340897454232,14.916082602759426,6.4583410801581715,9.192796383540541,18.239362800516297,7.612178528066864
9.407942942638963,10.578163999533427,14.87259490384375,6.454006405454363,9.124893745384556,18.0273280892871,7.631295597003368
9.413003779873506,10.592984189162724,14.832306713215912,6.452019297882822,9.058000393331822,17.809508272993973,7.651511526000769
9.412758338899316,10.607766004269347,14.79550820855044,6.45235851150466,8.992043449931991,17.586530010592966,7.672796407740939
9.407176773824252,10.62238826771132,14.762528497474756,6.454976277437803,8.926950785014705,17.359038809193045,7.695105795162266
9.396241319757445,10.636715846550572,14.733711834520314,6.459798482947055,8.862649294800603,17.127707063972025,7.718382797448147
9.379947064406421,10.650607663775814,14.70939630985713,6.466726765389476,8.799064296507446,16.89323514558043,7.742564617828223
9.358302737449682,10.663928652325994,14.689899801027206,6.475641213262025,8.736120254593638,16.656346464251943,7.767589764029802
9.331333248355428,10.676561190423048,14.67551292214412,6.486403270918847,8.673742448837002,16.417776975906094,7.793400264205289
9.29908359024311,10.68841156197567,14.666494846742673,6.498859188397985,8.611859247258845,16.17826219255309,7.819938817869514
9.261622008360723,10.699414518957758,14.663066969179622,6.512843876006138,8.550406048626058,15.938528856291105,7.847144979295353
9.219041674434775,10.709541867752813,14.665403185815867,6.528185038097793,8.489333217007866,15.699295148721298,7.874952791509713
9.17146135441996,10.718813196223053,14.673620747585854,6.544707474334744,8.428617250266637,15.461273102105734,7.903289790763091
9.119025348374926,10.727299437915738,14.68777585807388,6.562236773005309,8.368270025599442,15.22516502387789,7.932076345418096
9.061903618551602,10.735114511944937,14.707863149458737,6.58060149997961,8.308342343049313,14.991655485154633,7.961224478935627
9.000293660347513,10.742400037999353,14.733815825452481,6.599633582639678,8.248922164168466,14.761404558744362,7.990636712220411
8.934423454956224,10.749309918594387,14.765506142393418,6.619167758373326,8.19012945495653,14.535043142113285,8.02020725818462
8.864552233113322,10.755998184625154,14.80274703895693,6.6390418974391165,8.132109662699866,14.313170067947228,8.049826751922522
8.790967636368093,10.76261228845604,14.845293255315934,6.659098713442575,8.075027513705072,14.096352896725394,8.079387488365192
8.713981166693296,10.76929245321095,14.892840328028436,6.679187629092948,8.019061696679845,13.885131163754348,8.108785598792844
8.633923502115184,10.776173676844383,14.94502275770016,6.699166057264129,7.964399528458184,13.680017648354418,8.137920149174272
8.551140295637998,10.783385941285092,15.00141351051736,6.718900314462212,7.911230194138583,13.481498414265413,8.166690421170843
8.465989632817966,10.791052276132445,15.061525919895013,6.738266349203274,7.8597370699855755,13.290035368077543,8.194991899376884
8.378841673005223,10.799287950756737,15.124817597726468,6.757150436434425,7.810092275903639,13.106067578589123,8.22271182624894
8.290079644651781,10.80820195825631,15.190695051383177,6.7754502314553795,7.762457073953413,12.930005065027684,8.249725852954711
8.200100679185232,10.817897096345453,15.25851914531617,6.7930760902813905,7.716987439216499,12.762216966242969,8.275897423683862
8.109314165203221,10.828465520384457,15.327615020277578,6.809951220401262,7.673838198806895,12.603020233695833,8.301081722766916
8.018138213198096,10.839981636847044,15.397292847107472,6.82600924001033,7.633161183323539,12.452671700661135,8.325134914007393
7.927001922424196,10.852495948614932,15.466879934107604,6.8411900647431185,7.595099738539153,12.311363234079373,8.347925101226519
7.836357993548763,10.866031706980962,15.535750836252571,6.855436530506993,7.5597825327903125,12.179219411178545,8.369338668910945
7.746695252340261,10.88058516135626,15.60334173022781,6.8686928961915195,7.527317180999915,12.056297360726337,8.389279611226995
7.658538360056285,10.896131611812617,15.66915191742638,6.8809062624920125,7.4977847984169514,11.942587356291625,8.407664896830402
7.572436196685839,10.912639629414144,15.732741786080028,6.89203413382844,7.471237330049166,11.838012997522325,8.424419650648627
7.4889477897310135,10.930088985120909,15.793728279476476,6.902057794271048,7.447698710035195,11.742431799232127,8.439474299135869
7.408629975246424,10.948481388174507,15.851776878062237,6.910992852257496,7.427168882404692,11.6556369875567,8.452764450651262
7.332025994294771,10.967838776357333,15.90659368678236,6.918889802332763,7.40962753695611,11.57736032250081,8.46423246703907
7.259653964674363,10.988193891131292,15.957921646256597,6.925827066762423,7.395035265487763,11.50727753992231,8.473828353286653
7.191996679428755,11.009579856236675,16.005543804365004,6.9319020527426245,7.383332612852746,11.445018067990473,8.481508445896411
7.129494852472936,11.032021971113984,16.0492922572659,6.937222892727535,7.374438397470162,11.39017581661753,8.48723232530556
7.072543052163031,11.055531873050233,16.089053796121338,6.941901822911854,7.368248168467888,11.342316909174595,8.490959282293735
7.021485901621199,11.080103616573583,16.124766078979693,6.9460504153480525,7.364633236779905,11.300985094162511,8.492645977024738
6.976614195519431,11.105712490152895,16.15640798429404,6.949776540591096,7.3634402229326605,11.26570642339792,8.492247420993962
6.938162008825118,11.132318003924125,16.183989138831553,6.9531837445457265,7.364490931839854,11.235992064563453,8.489722823594128
6.906304715373196,11.159871192790115,16.207539606753432,6.956373554437008,7.3675833426203745,11.2113398446746,8.485044759779308
6.881158243433918,11.188323289369135,16.227100011526176,6.9594489130901565,7.372495148338365,11.191240311431905,8.478206268318937
6.862782928806978,11.217630892770599,16.24271339779289,6.962515758978151,7.378989478760524,11.175192352544206,8.469221646023241
6.851194351642592,11.247755743532622,16.254419877310593,6.965681432588233,7.386820160951807,11.162723227678436,8.458122466883712
6.84637633603624,11.278662126518372,16.262253648635667,6.9690506509211065,7.395734633029181,11.153401809251168,8.44495246456679
6.848288472221492,11.31031617262422,16.266240933685413,6.972720651379244,7.405475178254091,11.14684127458098,8.42976291963196
6.856867296926673,11.342688751243898,16.26639776378004,6.976777103075813,7.415780406675525,11.142695407077905,8.412609480487397
6.872025277780271,11.375759746953763,16.26272729118461,6.981291674677241,7.4263892277732975,11.140652288191271,8.393550882843137
6.893649132159079,11.409519047692967,16.2552171859788,6.986321416238328,7.437047877318283,11.140427977751871,8.372648560442018
6.921597255804386,11.44396279026734,16.24384096042615,6.99191032259989,7.4475164700428085,11.141763391328197,8.349966173985244
6.955698263588089,11.479089315082925,16.228568990571542,6.998093743512999,7.457571523156731,11.144425313509663,8.325568807422703
6.995754153925926,11.514898066510185,16.209386853150512,7.004904773724867,7.4670055441690195,11.148208311622277,8.299521363089454
7.041550064149835,11.551389155610376,16.186308459808252,7.0123794367836805,7.475626658353694,11.15293394294561,8.271885924999673
7.092866950030881,11.588561981254347,16.159376829681065,7.02055807850319,7.48325948486937,11.158446932448234,8.242718465130913
7.14948885258452,11.62641405544099,16.12865784240985,7.029483364392875,7.489746599893516,11.164609875121936,8.212065620393515
7.211200881343735,11.6649385295227,16.094233358405667,7.039196755097213,7.494949492620162,11.17129722173366,8.179963354777959
7.277782098787744,11.704117867910128,16.056197989003724,7.04973488526594,7.49874880536847,11.178388374552767,8.14644017303495
7.348998851392237,11.743915587760544,16.01466890246269,7.061126608995231,7.5010443760780685,11.185761128652759,8.111525622461752
7.424600636525761,11.784269840647674,15.969810798230748,7.0733913261224295,7.501755373532551,11.193288633629535,8.075260653725591
7.504317869011596,11.825089997757342,15.921856507869816,7.086538934366523,7.500819812288719,11.200840240997465,8.037704696125589
7.587860456107301,11.866255648549387,15.871105164595924,7.100570712508677,7.498192335186159,11.208281727641682,7.998937465387631
7.674917496574188,11.90761789622822,15.817904723452502,7.115480144186952,7.493840336486029,11.215471903566211,7.959057497844827
7.765159560564777,11.949004166453092,15.762634275428153,7.131253551292051,7.487739601804794,11.222257969097921,7.918180180642213
7.858244014101565,11.990227183314177,15.705690794372364,7.147870297793381,7.4798709792215154,11.228473068656776,7.876436330456408
7.953820999660915,12.031095178135955,15.647477810185476,7.165302241386794,7.470219031462549,11.233937058283175,7.83397081709558
8.05153621126482,12.071419279200306,15.588395699563591,7.18351340230805,7.458771785765668,11.238460446587574,7.790941091678318
8.151029533862852,12.111016848865223,15.528836165783163,7.202460501761199,7.445520434848064,11.241853038808474,7.7475160489276
8.251932924950648,12.149710778419074,15.46918266550166,7.222093127038478,7.430459813793233,11.243937760725462,7.70387421533621
8.35387152953009,12.187325635048717,15.409814590219014,7.242352516073771,7.413591123116969,11.244564257640528,7.660200183515787
8.456468654557112,12.223683888144903,15.351109957299972,7.26316979031324,7.394926971002443,11.243615409953827,7.616681830378676
8.559352061377373,12.258604039373832,15.29344803827161,7.28446473074765,7.374497257385575,11.241006160518186,7.573512273075892
8.662159065494428,12.291898865215499,15.237218906384603,7.306144899940118,7.352353453760552,11.236679848118614,7.530896452595363
8.76453881677557,12.323372987331918,15.182835313768027,7.328104538518677,7.328569576616426,11.23060660432824,7.489058509252099
8.866151292874985,12.352821987928857,15.130733893608497,7.350223587780826,7.3032420419932365,11.222783841677591,7.448246119787995
8.966665527099511,12.380034988180933,15.081363386416589,7.372367666228424,7.2764922354227535,11.213238139625721,7.40872939621008
9.065759955729943,12.404800294995667,15.035167327536934,7.394389117684073,7.24846986535925,11.202028204331569,7.370794381315325
9.163124087360181,12.426911566980893,14.992566707551735,7.416128530452199,7.21935157974923,11.189244959635893,7.334733845005191
9.25846054684539,12.446172132490705,14.953945093695504,7.437417039896893,7.189334622568288,11.175006008558357,7.300838323279926
9.351490771309976,12.46239826320331,14.919638351389239,7.458080465082034,7.158629639437854,11.159448544849226,7.2693889940074214
9.44196547070118,12.475423832949978,14.889929017455938,7.477944339956656,7.127455060711102,11.142725431817984,7.240652717824589
9.529672812227892,12.485106012766641,14.865042313988011,7.496837291433375,7.0960328554644985,11.125003371876067,7.214878125561119
9.614437937542087,12.491328578641635,14.845141864373469,7.514591929667265,7.064584249467274,11.106459815809192,7.192292096131496
9.696116061626956,12.494000888874147,14.830327737795024,7.531044778786498,7.033324805759355,11.087279286422635,7.173098658524355
9.774584494661125,12.493055084029892,14.820640416596468,7.546036783191146,7.002460559596345,11.067651981967003,7.157481935429495
9.849735807573587,12.488447010366635,14.816068367679534,7.559413871680588,6.972187521014106,11.047773709354793,7.145611259923413
9.921471639130244,12.480163391155793,14.816552111693023,7.571026343191033,6.9426947484116965,11.027844858915186,7.1376452718734065
9.989697000520607,12.468229875230909,14.821982165141945,7.5807283880296445,6.914168384462721,11.008069548952593,7.133732267231619
10.054316716574592,12.45271284706859,14.832194919135851,7.588380844712899,6.886793556375594,10.9886555876289,7.134006131661694
10.115235035835866,12.433714714534382,14.846970221255708,7.593857494813932,6.86075367902089,10.969812652803947,7.138581187363912
10.172356758937562,12.411366759747311,14.866031001849576,7.59705141695623,6.836228726762049,10.951747279546032,7.147549372310119
10.225587427092199,12.385822531542983,14.889044106753618,7.5978785522733565,6.813393907638764,10.934657357281393,7.160978443788972
10.274832205711995,12.357252717792997,14.915621632624902,7.596279045207166,6.792419768659377,10.918731469247733,7.17890809339802
10.319994678988223,12.325844135877281,14.945322724067038,7.592217804845864,6.7734733276691435,10.904154767541446,7.201344048188513
10.360976009324219,12.291810603636758,14.97765714488883,7.58568385450514,6.756717851868288,10.891114249848536,7.228252970194695
10.397674555860634,12.255416247172183,15.012091660774342,7.576687461787292,6.742309771803218,10.879795997416858,7.259560442117678
10.429986697970614,12.216993716964351,15.048057317363423,7.565255622625463,6.730394530583381,10.87037860152421,7.2951518242055755
10.457808773103642,12.176942130486387,15.084954403998347,7.551427484091933,6.721104079199123,10.863034830298567,7.334873725852731
10.481038544105123,12.13570990670874,15.122154687578009,7.535251410813412,6.714555767476719,10.857945128935633,7.378535322383958
10.49957531568108,12.093774441119026,15.159002926822533,7.516785871171471,6.710851049494596,10.855311715891505,7.4259128168445026
10.513319765348351,12.051623983636564,15.194820267730641,7.496105036297097,6.7100742073371595,10.855361912414004,7.476759814333488
10.522174634216896,12.009742556035079,15.22891336543384,7.473305803452959,6.712291396670869,10.85834096162259,7.53081952426605
10.526046113166718,11.968597876595675,15.260591580577346,7.448511360408421,6.717549581115051,10.864501916291859,7.587831622127936
10.524845505344047,11.928631954447146,15.289190617726737,7.42187034072998,6.725875547418213,10.874102091664438,7.647532341443522
10.518491357311987,11.890253499839382,15.314099641064388,7.393553580954589,6.737275970620098,10.88740979210625,7.709652301220638
10.50691247531042,11.853831701149563,15.334785157493354,7.363749219214725,6.751741061115652,10.904714399592182,7.773915789037384
10.490052011274487,11.819691662426598,15.350801484100435,7.332656367450454,6.76925297933271,10.926334381139904,7.840041262353932
10.467871662048433,11.7881119886032,15.361787297158013,7.30047893226779,6.789794070781682,10.95262407892734,7.907741634210815
10.440353840369756,11.759325558140835,15.367460014187579,7.267420873548747,6.813349389962376,10.983973910473388,7.976723989404773
10.407501186316043,11.733523868727866,15.367615204471075,7.233682849166033,6.8399046486395445,11.0208013361619,8.046688724180894
10.369334981891717,11.710863172733022,15.362125708407696,7.1994601823018325,6.869442900877334,11.063551454612599,8.11732838640226
10.325893223360884,11.691469826697839,15.350934368703143,7.164942348611102,6.901940664469071,11.112720408915791,8.188326990872495
10.277227892025078,11.675442897885434,15.334041879842676,7.130313034655845,6.937364470546747,11.168877273559891,8.259360570080709
10.22340187759451,11.66285383222217,15.311495279957745,7.095748765293862,6.975669459239833,11.232656042420372,8.330098881708476
10.16448661061418,11.653746056039912,15.283384433846775,7.061415170475476,7.016798870625817,11.304723527583992,8.400206833085072
10.100560849384403,11.648139429576785,15.249851278114603,7.027462074920953,7.060682123601034,11.385745973393458,8.46934661706336
10.03171096490046,11.64604144329116,15.211104380159068,6.994019621787257,7.107231522976013,11.476372377334291,8.537186227812771
9.95803270557749,11.647458581230671,15.167423685674915,6.961197085605503,7.156339145735677,11.577242012927178,8.603415067435037
9.879633314926766,11.652398545368115,15.119150048320536,6.929084189957705,7.207874631934155,11.689003553644527,8.667756520879799
9.796633208652231,11.6608632182532,15.066667053130022,6.897752973928433,7.261683376755526,11.812322697157246,8.729969684880198
9.709167651710837,11.67284218375855,15.010383586182094,6.867259141300924,7.317585385560482,11.947871006504888,8.789844082339688
9.61738879213856,11.688317523009887,14.950719451010745,6.83764500844556,7.375376484762424,12.096305534271227,8.847193597724887
9.52146738582262,11.707279083180902,14.888092621141828,6.808946016383397,7.434832144401835,12.258247360888506,8.901850816986437
9.421593130279241,11.729735553366764,14.822907909506732,6.78119800855509,7.495712040695296,12.434259501616758,8.95366151813939
9.31797328974346,11.755711743845753,14.75554862248338,6.754441209361055,7.557764084288026,12.624822561603214,9.002480461708105
9.210830060548703,11.785238153103803,14.68637135112328,6.728721295576015,7.620728368950454,12.830309459473217,9.048169535023403
9.100397338757656,11.818340915865427,14.615702214651346,6.704089961734914,7.6843426273125335,13.050962918069581,9.090598934321106
8.986917985270768,11.855034004066825,14.543834243024932,6.680604510990391,7.748349507808467,13.286878044508407,9.129651480101543
8.87064247555447,11.89531368809929,14.471029551097487,6.6583246183381055,7.81250250470455,13.53798979833448,9.165227374918027
8.751828280443199,11.939154959728082,14.397530549944273,6.637306974151711,7.876568244199655,13.80406592830746,9.197245434562614
8.63073834900367,11.986509101176004,14.323576311322462,6.617600324867161,7.94032710462973,14.084710639930881,9.22564018705974
8.50763805838983,12.037301582673436,14.249413090198777,6.599242421889527,8.003573543213223,14.379384585132524,9.25035726478664
8.382792443992637,12.091429212891779,14.175294592982237,6.582258863066921,8.066114953094637,14.687434869233401,9.271348698421923
8.25646748795513,12.148757442029796,14.101477237211009,6.566662698839969,8.127768930405512,15.008119570956588,9.288568484922742
8.128936849626927,12.209123019454058,14.02821477886601,6.552454005197555,8.188360373445024,15.340626109821061,9.301969409886999
8.00048964688916,12.272345339925526,13.955752918306024,6.539619856702244,8.24771971586407,15.684101011366778,9.311502581858823
7.87143405259533,12.33823996240241,13.88432479599467,6.528134505162781,8.305682931519401,16.037692432267097,9.317119872096676
7.742096970447511,12.406624328948741,13.814148652151516,6.517958925317095,8.362092987124486,16.40057934730523,9.318777603013983
7.612823188887011,12.477314177285153,13.745427435910438,6.509040273802312,8.416801773723172,16.77197158882525,9.316439700445954
7.483974630182046,12.550116357215597,13.6783501546395,6.501312657318631,8.4696717152038,17.15109380823393,9.31007994184713
7.355927489743683,12.624824272830462,13.613098143268589,6.494700325060221,8.52057653863933,17.53717042340113,9.2996838256404
7.229066724941222,12.701221256421354,13.54985699294798,6.4891232009391295,8.569401070641513,17.92941532567566,9.285250494532255
7.103780618331298,12.779092402793125,13.488825423426373,6.484502067000566,8.616040643053788,18.32702258577865,9.266794385552098
6.980457507738244,12.858236332295226,13.430214167343928,6.480760257373809,8.660401132663818,18.72915562521493,9.24434553020555
6.859482700713528,12.9384677432095,13.374239135606686,6.477822067947292,8.702400188472378,19.134936076119637,9.217947784987897
6.741232873012965,13.019611985305817,13.321115976915866,6.475610411156195,8.741968856859346,19.543435107573824,9.187655526453145
6.626069047569423,13.101498899979442,13.27105992162466,6.4740448489452564,8.779052409401345,19.95367040067965,9.15353063108124
6.51433084199025,13.183959423301767,13.224289387211002,6.473039300077239,8.81361103495153,20.36461059671505,9.115641493744963
6.406332538136592,13.26682356352376,13.181026075737996,6.472499262288449,8.845622154871268,20.775184645019273,9.074064126347615
6.302360315093783,13.34991697368018,13.141489348504722,6.472319784839618,8.87508386922275,21.184291553553344,9.028884248565904
6.202670497085297,13.433054963732078,13.105893871772972,6.472385188889439,8.902016671048479,21.590809969244944,8.980199056024029
6.1074889505458945,13.516036852384607,13.07445862776114,6.4725698301501975,8.926461662459133,21.993610904076505,8.928117325746982
6.017011720877659,13.598647492057482,13.047420687298496,6.472738632270795,8.948476467030142,22.39157272401729,8.872757877408402
5.93140628406378,13.680669111469317,13.02503837373876,6.472748252110985,8.968130941417247,22.783591127220788,8.814247519110355
5.850812891859001,13.761896097787229,13.007579312928396,6.472451191294654,8.985503327348042,23.168584075382643,8.752718733258394
5.775347477703231,13.842145409726797,12.99530270091658,6.471702248854195,9.000676957092319,23.54550459109145,8.688307588682608
5.705106477940825,13.921265927015636,12.988444070120673,6.470363658851122,9.013738004086536,23.913365710233787,8.621153626981387
5.640170570359575,13.999148899468798,12.987207794951814,6.468307030133727,9.024773580660735,24.271259727374247,8.551402166157006
5.580606117762993,14.075732295483343,12.991776760769564,6.465413043289505,9.033868661697877,24.618356155388604,8.479207441654845
5.526466886513248,14.150994496359074,13.002338444828801,6.46156999544554,9.04110224172682,24.953885019134248,8.404735276400412
5.477797995309054,14.224941939085916,13.019104680639748,6.456671699154362,9.046545241682164,25.277119963885223,8.328164893718656
5.434640938499321,14.29759661557605,13.042307597932163,6.450615703694571,9.050262054142651,25.587368955688614,8.24968957080522
5.397036415260926,14.368984746522683,13.072179675729872,6.443303166336553,9.052315712190218,25.883973243082618,8.16951590553271
5.365023146027981,14.439125802157292,13.108932409406341,6.434640073689238,9.05277524496086,26.166310511086934,8.087862077694009
5.338634784934378,14.508023636854347,13.15273992548026,6.424537783152964,9.051722375155968,26.43379869126214,8.00495638244872
5.3178976344699205,14.57566291107481,13.203729259432892,6.412912322262725,9.049255511665002,26.68590117885557,7.921037074674085
5.3028289229367696,14.642010186628998,13.261976287771128,6.39968404029772,9.045491711421313,26.922135660889364,7.836352588243681
5.293434358837329,14.707015725871635,13.327503959578866,6.384778636358364,9.040566788218095,27.14208408084486,7.751160411469567
5.28970541796515,14.770613147872606,13.40028018813814,6.368129832036812,9.034632122037547,27.345396408699685,7.665724459206786
5.291617690960586,14.832717500479985,13.480217049190218,6.349684821666072,9.027848675166092,27.531786264078526,7.580312059140644
5.2991300048202366,14.89322575472324,13.567177210432142,6.329412284952185,9.020380985635292,27.701027099360555,7.495191338803955
5.312182583680487,14.95202335315756,13.66098904265252,6.307308670059807,9.01239286425235,27.85295982830712,7.410628838560156
5.330693801096798,15.008995057714223,13.761461679460494,6.2833983207353326,9.004043877063516,27.987516097793815,7.326887477046807
5.354557353968787,15.064033974196052,13.868394237895792,6.2577281410220325,8.995484906527208,28.10474826961839,7.244225915451944
5.383642024864915,15.11704350921454,13.981584046460693,6.230360715400954,8.986852909350366,28.204844858633454,7.162898931790513
5.41779440204354,15.167931759841402,14.100834190251957,6.201368574904733,8.97826661218076,28.28811960244403,7.083156303829029
5.456842908326547,15.216603484779677,14.22595250979574,6.170830301194727,8.969824283836463,28.35498529791143,7.005239135216153
5.50060122477217,15.262957700751638,14.356740935764938,6.138828462684752,8.961602990277456,28.40592977591908,6.929375512712767
5.548870231895737,15.306893579434817,14.492982554922595,6.105449211437186,8.953658145986521,28.441503301827684,6.855777323061493
5.601438454689382,15.348318415778586,14.634431821813001,6.0707826945475585,8.946023201770794,28.462316122706373,6.784638351344718
5.658082380874894,15.38715429733526,14.78080768861281,6.034923167996567,8.938710555239476,28.469035595651732,6.716133604483455
5.718569125794338,15.42334723576938,14.931787935499814,5.997968451907373,8.931715089378448,28.462375772194285,6.650419928470642
5.782661387303972,15.45687811968867,15.087004910714965,5.9600187155565205,8.925019946532894,28.44308567984532,6.587636598525364
5.850120943836295,15.487771129702237,15.246043238599063,5.921174866617682,8.918601328929,28.41194900650466,6.527904128239013
5.920708337653241,15.51609798796029,15.408438702580805,5.881537589461509,8.912429584586437,28.369796414962103,6.47132220151627
5.994180272260299,15.541975699835518,15.573678991883204,5.841207332985172,8.906467656219988,28.317520146159193,6.417969243161054
6.070286422323644,15.565556806803166,15.741209683885753,5.800284122570937,8.900669581624284,28.256098380490126,6.367903352020668
6.148765974032601,15.587016502339406,15.91044567833434,5.7588666871953125,8.89497934585286,28.186639573478722,6.321162045886277
6.229344976814914,15.606541044046093,16.08078287207077,5.717051447056597,8.889328972345828,28.110418685312542,6.277760518755052
6.311736054169206,15.624317820400616,16.25160634711361,5.674931945747093,8.883636585458303,28.028881811984807,6.237690767343443
6.395640612334756,15.640525721627208,16.422296145689838,5.632599331483489,8.877805992765273,27.94363565811296,6.200923496288648
6.480752936341079,15.655327966237943,16.59223357618749,5.590143955143947,8.871727941586068,27.856428236302573,6.167412549258178
6.5667655017466355,15.668873298272052,16.760809488671796,5.547657170989658,8.865282603345198,27.769114537471054,6.137099444421436
6.653374114320555,15.681305627984061,16.927432942324,5.505232182343237,8.858342491057748,27.683634039892485,6.109915355286553
6.740281742732602,15.692772538374877,17.091539907625602,5.46296313906204,8.850774880119182,27.60202706376386,6.085780306428631
6.8272010847870845,15.70342525910403,17.252602783335142,5.420942413500677,8.842444333612766,27.526460395131863,6.064601342621559
6.913855784819139,15.713411803691494,17.410137142836987,5.379257113874982,8.83321622419692,27.459217812310403,6.046271127606036
6.999979581203227,15.722868439413576,17.56370323133581,5.3379869349669145,8.822960875873534,27.402661904527243,6.0306674786206855
7.0853136458582116,15.731914289577709,17.71290488456552,5.29720476746287,8.811558814229846,27.359202456566013,6.017653557364601
7.169603853748138,15.740650498641765,17.857386199947282,5.25697887460193,8.798907632802239,27.33128940334022,6.007078478123083
7.252599404915344,15.749160039128833,17.99682424328597,5.2173746860107215,8.784927604141794,27.32142471033745,5.998779618969649
7.334052854278298,15.75750467951098,18.130919987552854,5.178456517080941,8.76956303138889,27.33218144707938,5.992587923174107
7.413721568790496,15.765720388471044,18.259391212196906,5.140290006223953,8.752780346920769,27.366238186234007,5.988334474728224
7.491372359744635,15.77381441617755,18.381968076682252,5.1029442766792465,8.734565328186747,27.426439506733377,5.985855158026312
7.566790382732291,15.78176545305149,18.49838906489569,5.066493285343541,8.714920841663194,27.515851327910134,5.98499204612882
7.639788913455315,15.789524976841438,18.608395148001733,5.031016880250762,8.693865717111706,27.63776229833527,5.98559222837271
7.710215309128713,15.797017412685687,18.711722884371337,4.996600642784424,8.671434140927035,27.795628670870656,5.987506328904219
7.777951825298781,15.8041392205121,18.808100047731546,4.963333511934057,8.64767492507672,27.99302930942122,5.990588695948032
7.842912188174227,15.810758648853017,18.89724748557136,4.931304715697808,8.622650940927945,28.233707802785787,5.994698140151926
7.905035413049645,15.816718781669,18.97888591887939,4.900602081994002,8.596438680331493,28.521677871306185,5.9996970779230825
7.964278817572703,15.821845012245587,19.052741527269173,4.871311908336136,8.56912709879053,28.86129164299122,6.005449390029963
8.020611977031098,15.825953180556057,19.118547206719363,4.8435192904534015,8.540815064758277,29.25722664888051,6.011818492379109
8.074012359902278,15.828853523143815,19.1760424501487,4.81730786839053,8.511607703097965,29.71441706799322,6.018666432893467
8.12446213756129,15.830350744357549,19.22497617779814,4.79275909842403,8.48161270351787,30.237974809087607,6.025854119923322
8.171945195988718,15.830246350790576,19.26511450264428,4.769952637275328,8.45093747233557,30.833129227072487,6.033242206307359
8.21644423252903,15.828350517828838,19.2962515687164,4.7489683005860766,8.41968674949377,31.505156861280263,6.040692092699457
8.257939332718154,15.824502737332997,19.318218355274865,4.729887099842277,8.387959429295273,32.25926483921097,6.048067285933947
8.296409411066834,15.818590976912448,19.330885440386268,4.712789742617173,8.355845062308102,33.100449186671675,6.055236244190954
8.331835426270967,15.810561109694495,19.334165085260096,4.6977543031070095,8.323423009381356,34.03336940835218,6.062076925540051
8.364202415995617,15.80041560174714,19.328027984088205,4.6848543381932295,8.290765677953024,35.062247235680594,6.068480879642208
8.393498771050702,15.78820339561664,19.312536627959158,4.674156453817606,8.257943140993234,36.19077226545449,6.074354581747037
8.419713675566602,15.774005582523953,19.287870817092642,4.665716657888749,8.22502568751733,37.42203503878125,6.079618209384239
8.442834317344925,15.75792327291755,19.25432830795812,4.659576473258342,8.192083553171475,38.75854913097452,6.084203831757415
8.462843778776675,15.74007083847295,19.212313546590565,4.655760020487905,8.159185298993197,40.20234591923087,6.088054090217909
8.479720070772082,15.720573370384471,19.1623289335334,4.654272502658243,8.126396874610203,41.755041766992804,6.091120753283881
8.493436397007716,15.699566525269695,19.104965480347552,4.655100422068799,8.093781933486472,43.41786933387117,6.093362917332638
8.503962156050825,15.677197087517653,19.040887335320694,4.6582134965257564,8.061401675077821,45.19175592411772,6.09474548636252
8.511263994572515,15.653622464212628,18.970811751561452,4.663566863360842,8.02931308569188,47.077451589017215,6.095237767440582
8.51530661994425,15.629013089579772,18.89548791335196,4.671102006126689,7.9975665832361065,49.075672838417326,6.09481191251039
8.516054626392618,15.603565664465972,18.81567677390636,4.680746502985808,7.966204035099778,51.187273578348574,6.093442073886969
8.513477691006885,15.577522523455237,18.732133123383917,4.692413917882861,7.935257800540499,53.41338642509484,6.091104563120836
8.507558153200183,15.551179620245287,18.64559086115699,4.706004775380639,7.904751582650268,55.75545210283952,6.087778013190742
8.498295789858728,15.524875940506004,18.55675303793166,4.721408690169533,7.874702343804377,58.21520519196681,6.083443539673864
8.485707357034263,15.498974654725894,18.46628800610471,4.738507145121498,7.845121436666114,60.79471183549483,6.0780859797338
8.469824288543942,15.4738470313397,18.37482968777624,4.757176219812178,7.816014538704671,63.4963874171212,6.071696391498817
8.450692029909826,15.449860356042759,18.282975931607552,4.777289645378303,7.7873815646505475,66.32289682158523,6.064274854227897
8.428370568473252,15.42736648423627,18.19128129468884,4.798723430577524,7.759217245283394,69.2769904958939,6.055832235914342
8.402934019062426,15.406690035402013,18.100247189643994,4.821361281843322,7.731511839125127,72.36135897144557,6.0463903978941
8.37446861805385,15.38811841863362,18.010313886876155,4.8450975911156515,7.704251538768681,75.57849720513767,6.035981378539142
8.343072146858544,15.371896131817548,17.921856254045306,4.869836075899944,7.6774188961459595,78.93059575854603,6.024646287964997
8.308860472018713,15.358223092870217,17.835182948875925,4.895485836446699,7.650994207367029,82.4195369033801,6.01243492302924
8.271980698033737,15.347253894567029,17.750538368640058,4.921958080563662,7.624959011822565,86.04694840971108,5.99940664245959
8.232620371072974,15.339095838498363,17.668110121611523,4.949164942011414,7.599301387470193,89.814149784088,5.985631429668272
8.191005392541364,15.333806731281298,17.588045524066892,4.977019218834131,7.574020443324931,93.72194936647811,5.97118999236785
8.147391007245414,15.331393389506577,17.510472628601452,5.005433516306027,7.549127762099941,97.77040191116822,5.9561730593354145
8.102052403786459,15.331809722191364,17.435516056886012,5.034320005828089,7.524647395799714,101.95862484026604,5.9406804259753985
8.05527648898309,15.334953750548884,17.363302618212945,5.06359299538269,7.500617101076673,106.28470998222491,5.92481979796191
8.00735474465233,15.340666180496042,17.293958616487796,5.093172801299164,7.477088786965799,110.74571377887668,5.908704936368185
7.958577756599282,15.348735344797156,17.227604611678448,5.122987630890297,7.454125315812765,115.33766916694788,5.892452713458943
7.909231602118694,15.35891056752264,17.164353746153925,5.152973531287494,7.4317964007672295,120.05562440122486,5.876179865713509
7.85959648904006,15.37092018209151,17.10431531146227,5.183074514393334,7.410177888972656,124.89376893088414,5.860000636281383
7.809947927771426,15.384489129559626,17.047598463288047,5.213242951988882,7.389354486131067,129.84560140643208,5.844024912925136
7.760557776794011,15.399355233491109,16.994310569142566,5.243438417424988,7.369422654028241,134.90403417317307,5.828355721235509
7.711692180525744,15.415283554633659,16.944551335986933,5.2736243270657095,7.350490736393978,140.06142949977456,5.813086240104501
7.663608085646997,15.432074160760433,16.898407797158523,5.30376419783571,7.332676260436926,145.30960143141132,5.79829730008058
7.616551230215495,15.449561238583017,16.855951993199103,5.333819149515213,7.316102725425429,150.6398156327774,5.784055872342306
7.570754830524719,15.46760783189189,16.81723806139622,5.363746066491278,7.300897506226462,156.04291695643502,5.770414270247756
7.526437375157937,15.486099515075416,16.78229647414076,5.393495931734288,7.287190287387951,161.50964255931245,5.757409419183351
7.483800142149822,15.504937697784547,16.751128242523833,5.42301288181321,7.275111136840989,167.0309144962131,5.745061939895514
7.443025220893397,15.52403909666832,16.723701662452346,5.452233742468737,7.264788312808949,172.59792094669774,5.733375113161832
7.40427385838172,15.54335079084616,16.699950011428943,5.481088246706968,7.256345346242753,178.2020347814718,5.722334055917909
7.367685520668701,15.562874305121474,16.679768342742204,5.509501035289757,7.249896635856032,183.83468113370606,5.711905917447561
7.333378518766824,15.582678697781152,16.66301154055332,5.537394408196533,7.245542454101951,189.48722113437594,5.702042414215643
7.301451781053104,15.60289745776339,16.649497547785977,5.564689480254682,7.2433647906246215,195.15088859711156,5.6926860054213595
7.271986055847222,15.623720152334307,16.639017239291107,5.591306019031143,7.243423969481466,200.81675980432726,5.683778533955908
7.245043424034136,15.645382441656198,16.631350793627284,5.617163922713168,7.245755437538527,206.47573748285436,5.675268206765561
7.220665322325505,15.668150953867599,16.626286789598836,5.642187772777217,7.250367181246296,212.11859786710684,5.6671121111941725
7.1988695416004,15.692304869410599,16.623634110493068,5.666311917273172,7.257239220255296,217.73614037886648,5.659275170078135
7.179646872953975,15.718118780040767,16.62322219868164,5.689483316351711,7.2663260533140495,223.3194010029798,5.651728096933123
7.162958908996552,15.74584959671764,16.62489854866917,5.711662499218604,7.277560415075405,228.85985222025383,5.644446190761849
7.148738484062123,15.77572971203495,16.628530201941317,5.73282349133992,7.290855759535334,234.3495160042991,5.637408833490404
7.136892563666031,15.807965676270003,16.634004131585094,5.752952618859565,7.306107953882452,239.78097072523636,5.630598347945279
7.127305758065145,15.842736813112959,16.641225070906096,5.772046812129724,7.323198620739734,245.1472816663394,5.623997946007075
7.119843227119563,15.880189230575184,16.650118450902074,5.790112061667229,7.34200019059188,250.44185796936762,5.617589783088359
7.114353603219795,15.920427158987106,16.66063905562748,5.807161746213937,7.362380513348746,255.65825954984135,5.611353813091179
7.110673117595805,15.9635077183824,16.672776439923638,5.823214608032129,7.3842055475994375,260.79003927393853,5.605269079810418
7.108631194771115,16.00944201044163,16.686550665016266,5.838292200372343,7.407340168708138,265.8306576002879,5.599321305432543
7.108056480753587,16.058198287695355,16.70199895621142,5.8524156765708675,7.431647703995705,270.77342521685375,5.593516284764349
7.1087813637792046,16.109701800360824,16.719159097077522,5.865603183122697,7.456988715100243,275.61144764781625,5.587890307834208
7.110643561170378,16.1638313077802,16.738055735664197,5.877869690878238,7.483220008487252,280.33760693433015,5.582511030760514
7.113485283617619,16.22041623496971,16.75869081585884,5.889228687160317,7.5101954838211435,284.944615164769,5.577471716179187
7.117152062854762,16.279237580810488,16.781035542202687,5.899693327605417,7.537768881704031,289.4251078778267,5.5728843296521156
7.121492546251365,16.340030986141112,16.805022558080424,5.909276991534319,7.565795872296658,293.771706580958,5.568873695823682
7.126358410041104,16.402488998597025,16.830539702818374,5.917995641114846,7.594134354100297,297.97703577309704,5.56557233397107
7.131603561623159,16.46626486709272,16.857426983785768,5.925872148093821,7.622645455653532,302.03374033527,5.563114708336499
7.137083185825039,16.53098068689597,16.88547669262845,5.932939568257703,7.651196989622459,305.93454177469187,5.5616312315513525
7.142654174527175,16.59623656223323,16.914434658366574,5.939241726376229,7.6796673550252255,309.6723295871127,5.561244473812581
7.148180335558342,16.66161803926607,16.944000303084316,5.944832935844939,7.707946479970149,313.24023022245825,5.562068461029693
7.153542893877773,16.726703110381614,16.97382537875881,5.949778357027756,7.735933241812239,316.63160406914466,5.564208750444113
7.15864874603084,16.791068769252252,17.003513343834847,5.954153773055847,7.7635327609600635,319.83999855990595,5.567761383700421
7.16343007588955,16.854296695062065,17.032622728627263,5.958043796847826,7.790656886056956,322.8591098660564,5.572811354152256
7.1678385270624,16.91597800206554,17.060680261236648,5.9615390879022465,7.817227947837314,325.6827896533937,5.579431254281377
7.17183975634355,16.97571471328046,17.087204755071372,5.964732665692669,7.843183344911131,328.3051397745176,5.587679698003678
7.175410006797325,17.033116917501662,17.111730038516512,5.967715004871387,7.868477869633477,330.7206804042982,5.597599870290337
7.1785341097278845,17.08779876637341,17.133815189850683,5.970568630381228,7.8930823714270515,332.9244820375998,5.6092188976466995
7.181204544825088,17.139378078342276,17.15304449191069,5.973363896521907,7.916979574867224,334.9121804040388,5.6225479152328735
7.183420696228031,17.187483103710147,17.169025622818644,5.976157307904944,7.9401585871906315,336.67990005834554,5.637582987929856
7.18518732724656,17.231765153483355,17.181390493915764,5.978991822768579,7.962610053809334,338.22415756546246,5.654306997864149
7.186512980598899,17.27190982232267,17.18980336727957,5.981897157748293,7.984323824320423,339.5418023429178,5.672691623836459
7.187409560581785,17.307640614587843,17.19398435644426,5.984889154575392,8.005289117308932,340.63001146120337,5.692698830989319
7.187892477303789,17.338716143780623,17.193745683324945,5.987968949025672,8.025495369665459,341.486313097296,5.71428208039888
7.187979618687675,17.364925226544106,17.189019054762753,5.9911228220379265,8.044932817970023,342.10861743408975,5.737387163153794
7.187689652008451,17.386081815753652,17.179856628500872,5.994322492156844,8.063594204233212,342.4952580865418,5.761951910641798
7.187042649701824,17.402020419769187,17.166411224117045,5.997525103794879,8.081478719666576,342.64505186214325,5.7879047328876405
7.186063816201903,17.412592125451393,17.14891107269002,6.0006735271853,8.098596613961748,342.5573737392865,5.81516359298723
7.1847881823550015,17.4176600958741,17.127637242585607,6.003698414576498,8.114972221856481,342.23222708427505,5.843636723556915
7.183265315245221,17.41709539493342,17.10290575444659,6.006522075195375,8.130644003098737,341.6702822276769,5.873224494962926
7.181562583545664,17.41077829870867,17.075057450063312,6.009062965126797,8.14566050368138,340.87287225191915,5.903821389844696
7.179763508173291,17.39860730805852,17.044457579377923,6.0112392524978,8.160073184479685,339.84195686009326,5.9353177683610845
7.177961163375717,17.380508587129107,17.011499494163942,6.012970214493117,8.17392952529159,338.58007569444214,5.967601304069726
7.176250485698588,17.356439195085667,16.97660454143936,6.014175842598292,8.187268511408346,337.0903256730435,6.00055786168269
7.174721854747035,17.326388414933803,16.94021840331904,6.014776890786959,8.200118154386498,335.3764052718196,6.034072045334184
7.173455964334145,17.290382076156863,16.902811459537652,6.014697994070365,8.212495541180148,333.4427290369362,6.068027880092709
7.17251984662608,17.248484874167307,16.86488494926872,6.013874182754871,8.224410852102144,331.2945501003262,6.102309324585899
7.171964868637688,17.200795287724777,16.82697276493681,6.012257199322291,8.235874281549357,328.93802741734163,6.136800100130538
7.171828284141013,17.147436405805653,16.789632010254234,6.009817599154932,8.246902224562445,326.3802547716437,6.171382970475569
7.172137807840263,17.088547885260983,16.753428705076033,6.006542812367585,8.2575193616028,323.62929083363986,6.2059385925018775
7.172914927977791,17.024279633553412,16.718925301623624,6.002434227977431,8.267756130526301,320.69413967437487,6.240344180679275
7.174174022559641,16.95478618815048,16.686668664586453,5.997505412701924,8.277644367544134,317.58463089745,6.274473135861611
7.175919969048449,16.880222164767858,16.657176744304525,5.991781544893669,8.287213560390128,314.31127755383244,6.308196154500699
7.178148096763667,16.800739063797476,16.630929304208703,5.985298483418512,8.29648753522656,310.88520672856134,6.341382587573131
7.180846603628447,16.716482296702132,16.60837351127695,5.978100189237542,8.305481427775494,307.31814218945374,6.3739015804318475
7.183999188833398,16.627587638462153,16.58994860402126,5.970235515744373,8.31420016862902,303.62235974444195,6.405623831848007
7.187585789416242,16.534178096943972,16.576122147542048,5.961755888390852,8.322639055080206,299.8105631111286,6.43642328977747
7.191580949102286,16.436362680810436,16.567426368445396,5.952713882689778,8.330785079166416,295.89568581170727,6.46617768485071
7.195951374187654,16.33423810712228,16.56447931495244,5.943162287247903,8.338616964284101,291.8906779135167,6.494768649197163
7.200653962999766,16.227893160798565,16.56798080675987,5.933153848085068,8.346103481271195,287.808334234353,6.522081767286971
7.205634134855782,16.11741311774107,16.578700614673203,5.922741706947688,8.35320162199892,283.66117568261575,6.548005760128381
7.2108243134919405,16.002883196293094,16.597487460785878,5.911979854196236,8.359855923323398,279.46136495487565,6.572430979702311
7.216143122829439,15.884393995129702,16.625294575396104,5.900923311676414,8.365998623542803,275.22063154418686,6.59524818417532
7.221496009628243,15.76204925889703,16.663188359657646,5.889628629932427,8.371549700686506,270.95019258364397,6.616348246873714
7.2267769028778295,15.635971055905463,16.712323298932606,5.878155305540704,8.376416966937287,266.66068739729326,6.635622909344943
7.231870436183428,15.506300562204762,16.77389910465003,5.866568053084142,8.3804982555424,262.3621698208221,6.652965972162696
7.236657852992472,15.373199822959334,16.849125534013762,5.854938777347809,8.383686915985018,258.0641817217,6.668274013446291
7.241029067232318,15.236859123562947,16.939205808901658,5.843347035917142,8.385878566315153,253.77586480371497,6.681446306239309
7.244895328268391,15.097506195856553,17.045331798719705,5.831879249395481,8.38697672191888,249.50603602783434,6.6923842223133745
7.248195363210075,14.955410073992594,17.16868315157582,5.820627433652813,8.386896860489818,245.26319986471503,6.7009902316871965
7.250895110442698,14.810878157897651,17.310427308604233,5.8096871484547155,8.385568587269958,241.05551495894562,6.707166460201834
7.252984635836256,14.664249356679269,17.471712199920898,5.799154023349655,8.382936334515485,236.8907369176578,6.710813460817627
7.254474132997563,14.515885597495384,17.6536477772891,5.789119722232869,8.378960463088434,232.77616370394415,6.711830813961239
7.255389902597148,14.366164008679043,17.857282266483768,5.779669011625097,8.373618657164794,228.71860594744464,6.710120976635182
7.255770774618119,14.21547165664482,18.083572515478846,5.770878598186428,8.36690589150404,224.72439483347625,6.705595310189101
7.255664264794283,14.064202434480318,18.33334874972521,5.762818112726568,8.358833216460079,220.7994215294811,6.698179066346271
7.255121895659849,13.912756143988679,18.607300253413243,5.755553102800096,8.349426530184928,216.94918407722042,6.687813799051538
7.254194590958111,13.761542472556382,18.906019227195003,5.749147987066931,8.338725481222934,213.17886875766982,6.674458430917641
7.252929700766433,13.610989268496889,19.23009070667077,5.743667163278141,8.32678275190542,209.493506745965,6.658089728702801
7.251371578687505,13.461546961307938,19.580163316059323,5.739175127262427,8.31366527346928,205.8981410619381,6.638701459511246
7.249565725320148,13.313683213843248,19.956965085483645,5.735737673546151,8.299457924695886,202.39793010248957,6.616302604862166
7.247562109623055,13.167872771890897,20.361284565020576,5.733423951490046,8.284266054344117,198.99820482093565,6.590916041424056
7.245414368914793,13.024590720569323,20.793942376604882,5.732306197120677,8.268213181935243,195.7044758360468,6.562578153703639
7.243177413343901,12.88431024310917,21.255767967026753,5.732455806193943,8.251435592598913,192.52236247576178,6.531340417929086
7.240906880672616,12.747499606698405,21.747595028012114,5.733938519574857,8.234077452954525,189.45748126619083,6.497274578886847
7.2386599721654745,12.614614764718894,22.270273786865943,5.736811951106523,8.216288455836969,186.51533926876013,6.460479558503317
7.236494689340994,12.48608945366437,22.82468768954577,5.741128054369178,8.198224235342481,183.7012298291379,6.421085424381018
7.234466693502257,12.362326269197764,23.411779350675356,5.74694160753933,8.180047803530943,181.02012409218784,6.3792525481473525
7.232628207071176,12.243689933974132,24.032581833430662,5.754320335574652,8.161930696639974,178.4765687676971,6.335168032856912
7.2310336095443875,12.130501821314395,24.688210769295672,5.763350346759065,8.144053710887459,176.07459262928893,6.289041428892951
7.229748495009442,12.023035091441526,25.379792690539038,5.774137891981643,8.126606188726365,173.8176061458312,6.241099914100241
7.228854201700212,11.921512212285034,26.108364847935576,5.78681496443506,8.109783304829083,171.70829571681625,6.191583095713794
7.228445565749882,11.826106543070914,26.874793385884743,5.801550872219819,8.093783106599735,169.74855780657717,6.140737845276641
7.2286254674974115,11.736946028753922,27.679732325053198,5.818561521647031,8.078804883908562,167.93950174309532,6.088812830112526
7.2294994165376725,11.654116830703883,28.523616762788848,5.838108344902369,8.065047694528968,166.28147739857442,6.036052884200105
7.231173506190603,11.577667148025016,29.40666753014022,5.860498340424613,8.052707139074347,164.77408210404354,5.982694968201614
7.233758531609944,11.507609671640644,30.328895431216356,5.88612013896053,8.04197048933161,163.41616002511492,5.928967122310244
7.237377292328811,11.443920070213853,31.290098771109456,5.915532518161851,8.033011237628719,162.2058283758709,5.875089068461608
7.242168386429786,11.386534874120436,32.289844569547704,5.9495734547738115,8.025983414184438,161.1405583102905,5.821271981978665
7.248285559546385,11.335357203215944,33.32744286842864,5.989446251007874,8.021015696229261,160.2172981881591,5.767717183886404
7.25590017995886,11.290271534319555,34.401936727296096,6.036762998582713,8.018206287062092,159.43257375685266,5.714615060844525
7.265211333412875,11.251156260248528,35.51211863949126,6.093552580585629,8.017620303615098,158.7825342221581,5.66214459989381
7.2764552796848365,11.217885159031233,36.656577040257005,6.162245112835654,8.019289967417661,158.2629819564135,5.610473031704381
7.289904824985494,11.190321417058849,37.83375988722085,6.24562360848976,8.02321603069548,157.86941327376695,5.559755032665712
7.305861098627931,11.168312870234919,39.04201237789828,6.346739224012747,8.029369541332047,157.59705926949013,5.510131452615668
7.324644375784135,11.151696870222725,40.27956367518545,6.468812215472765,8.037694561871588,157.44091920242124,5.4617282282910535
7.346584520509812,11.140316178582722,41.54450222145875,6.6151395936427795,8.048112054759073,157.3957908162292,5.414655613529743
7.372008827895447,11.134033959121462,42.834806284133634,6.789019002098052,8.060525082535621,157.4562875526056,5.369006881552059
7.4012280849182215,11.132738132734467,44.14843233394409,6.993687447060498,8.074827310150312,157.6168180436583,5.324856498444722
7.434524544509457,11.136339517248507,45.48338509486056,7.232260838886936,8.09091527928838,157.87153139172952,5.282259403515824
7.472145619392099,11.144768963348628,46.837727130912185,7.5076717415097,8.108700019308241,158.2142784868812,5.24125271276043
7.5143035999327665,11.157971804752595,48.20957113487582,7.822640529607823,8.128113426623145,158.63862526490766,5.201859250410992
7.561177747527586,11.175898575297467,49.59708491347465,8.179723402319027,8.149108749019744,159.1378942968526,5.164091439226626
7.61291993760021,11.198494328893648,50.99848269372412,8.581418350411552,8.171656904170792,159.70519717360293,5.127954746116617
7.669670559847724,11.225689182758924,52.411999078980564,9.03026335783181,8.1957414755725,160.3334507499552,5.093450437999969
7.731580337069295,11.257391670044338,53.83588847455543,9.528903281621535,8.22135446432629,161.01538879425564,5.06057745747691
7.798822210056546,11.293485071073938,55.26846416306478,10.080126296968995,8.248492859472705,161.7435727303694,5.029333547526984
7.871586743924546,11.333825188701189,56.70814304193631,10.686839465028097,8.277156202200233,162.51039380767745,4.999715743062223
7.950068333577897,11.378237616703432,58.15348450872528,11.351972562554668,8.307345542279949,163.30807319814198,4.971720065770267
8.034451847308924,11.426513599599039,59.60323472618575,12.078359149038382,8.339062599014142,164.12868824631568,4.945341250928482
8.124905821829579,11.478405268737802,61.05634914409035,12.868662178438006,8.37230910208131,164.9642304974198,4.920573994150211
8.221581538026943,11.533622537691386,62.51199424186522,13.725363578564576,8.407088860961176,165.80665656306562,4.897415414620654
8.324611506041457,11.59183796132923,63.9696144971551,14.650769441118005,8.443412966758865,166.64790419106518,4.875866702987474
8.43410358092475,11.652712945482463,65.42907231951114,15.646991757864782,8.481305145023821,167.4798997891542,4.855932850031351
8.550132584243938,11.715952702292084,66.89071771352216,16.715917367500715,8.52080373479576,168.29460089949768,4.837620943600536
8.672732100590078,11.78137618383273,68.35530877715462,17.859169707069178,8.561957881959048,169.0840808333451,4.82093759468409
8.801887281382886,11.848973706448277,69.82386366624918,19.078060537687648,8.60481933539537,169.84061650828298,4.8058863749805205
8.937528379902542,11.91892757886569,71.29752068797384,20.373547177034784,8.649435127623539,170.55673752570786,4.7924665300859255
9.079525194821969,11.991591114943668,72.77740507116421,21.74620828208853,8.695844359422221,171.22523794124038,4.780672354357364
9.227683506814738,12.067446038107771,74.26450883633,23.196246908808284,8.744076773138216,171.83919411745964,4.7704914974493855
9.381744499475428,12.147058960909787,75.7596342453932,24.723538179418753,8.794149706399537,172.39204517389047,4.761902436430543
9.541388599701431,12.231042781435928,77.26341725829296,26.327710085629313,8.846063520428547,172.87773828444648,4.754872540721855
9.706243879821605,12.320022572619775,78.77636389789537,28.008195148990268,8.899797643337303,173.29084849504287,4.749357074432384
9.8758949881414,12.414605980552071,80.29883584149117,29.764211801721626,8.955308021861757,173.62660480234103,4.745298860650353
10.04988997608355,12.515358096887288,81.83100012463755,31.59470385441516,9.01252471277996,173.88085884129848,4.742629048576777
10.227748590743255,12.62278059023618,83.37278139690869,33.49827448833531,9.071348850800204,174.05004719143528,4.741269864306608
10.408975046019577,12.737295817100703,84.92381942367555,35.4731220944889,9.131651228196704,174.13115387412697,4.7411389427385595
10.593071411315995,12.859236431165641,86.48342614894484,37.51699102993409,9.193275095970558,174.12166759462897,4.742152984266535
10.779545193596375,12.98883839411469,88.05056224694434,39.62716116172465,9.25604198981004,174.01953955800604,4.74422903867649
10.967910704219623,13.126235762668077,89.62384830082335,41.800481745694974,9.319757243451878,173.82315488920975,4.747284237964834
11.15768899561558,13.271460098990014,91.20159567703028,44.03343304706598,9.384213819840165,173.53131939648523,4.751235759704707
11.348413275694938,13.424446207749805,92.78183871585446,46.322189972054844,9.449194722713413,173.1432471182004,4.756001929337026
11.539655480995371,13.585038841681152,94.36237105836227,48.662660939433316,9.514473549897467,172.65853188312755,4.761504639415568
11.73108097590155,13.752994629201831,95.94081605044248,51.05048949949596,9.57981299931292,172.07710561000204,4.767672527733716
11.922500219143027,13.92797990156032,97.51474495302458,53.481028547933306,9.644962836934136,171.39921317990277,4.774443494065408
12.113881407234237,14.109574661855568,99.08179050749499,55.949310193056164,9.709658706372542,170.62542184904225,4.781765540732211
12.305334253433621,14.297308399558844,100.63969393112228,58.45005025191876,9.773622216164286,169.75664321376823,4.789596626615537
12.497098762601963,14.490742966670734,102.18627737462813,60.97772654913259,9.836564397513142,168.79413842046185,4.797905062281457
12.689549225048035,14.689564723618894,103.71937799635825,63.52672719886798,9.89819634116499,167.7394953024856,4.8066707347606545
12.883201455618616,14.893639818555764,105.23680762289565,66.09154023783242,9.95824564876387,166.59458253148028,4.8158860272058055
13.078711268734954,15.103063487760263,106.73636866738434,68.66695378707146,10.016469746868298,165.3615073119482,4.825555646748548
13.276856709111854,15.318255148073325,108.215880196144,71.24820192088296,10.072660694486851,164.04260703378378,4.835695685390089
13.47850690394111,15.540053420186972,109.6731784725197,73.83100523597963,10.126644693601017,162.64046944476243,4.846332734746316
13.684593951512747,15.769726440559285,111.10611881992902,76.41153062716441,10.17827928736608,161.15794590329176,4.8575039946155805
13.896098642341705,16.008909067677244,112.5126024408725,78.98631666002288,10.227448965928751,159.5981433700875,4.869258447072743
14.114041668225832,16.259543330787057,113.89061492284213,81.55219239735575,10.274061424013379,157.9644085823709,4.88165737409627
14.339464621561408,16.52384746721827,115.23824707698138,84.10621829395008,10.318045886930921,156.26031281957722,4.894772418340787
14.573396571118682,16.804276217238414,116.55368744259411,86.64567176178218,10.359352188530012,154.48964398016622,4.908681117477464
14.81681552512396,17.103442511773096,117.83520371494548,89.16808652225335,10.397949107427653,152.65641226340145,4.9234609884706595
15.070613463970322,17.42401269020981,119.08111630060876,91.67133754039283,10.433821569219774,150.76485294311294,4.939183749627612
15.335567809707923,17.768601984968925,120.28975677214177,94.1537166802478,10.466966958895515,148.8194053518688,4.955911115613856
15.612325110425823,18.13968327068791,121.4594328471031,96.61394545021813,10.497391574461487,146.82467380812872,4.973692095175498
15.90140781720267,18.539510483621875,122.58842179139779,99.05115160892665,10.525107658107268,144.78538445581896,4.992560898595609
16.203245029958367,18.970057821912302,123.67497550870307,101.46485568745248,10.550129729591243,142.7063349125621,5.0125356654968884
16.51820770365294,19.432979486288907,124.71730882737762,103.85494920595224,10.572470145203582,140.59233302042463,5.0336187134370745
16.84662483475803,19.929589741620212,125.7135683593892,106.22162740979522,10.592136004197114,138.44814047734474,5.055797633727132
17.188775871151165,20.460850743878,126.66180020980589,108.56529254906268,10.609128572080381,136.2784371741969,5.079045721611632
17.544877152273468,21.02735764002512,127.5599307032201,110.88647388942658,10.623444912295295,134.0877998685267,5.103321195239496
17.915082990173993,21.629324776291277,128.4057586231362,113.1857644371653,10.635080891574022,131.8806890861931,5.1285657291024735
18.29949818700158,22.266580757910482,129.19695795085863,115.46373150026076,10.644033631666664,129.66146186881176,5.154703287068751
18.698183727195456,22.938579894223853,129.9311055188892,117.72078954478341,10.650301977341101,127.4344174942323,5.18164032625592
19.111153583456222,23.644439808460465,130.60573403842082,119.95707737657413,10.653886149695923,125.20384912655777,5.209267544986844
19.538369918046534,24.382998075240966,131.21838167022992,122.1724040596569,10.654788095113165,122.97408240746643,5.237462475046365
19.979731560683582,25.152856765983866,131.766630862082,124.36629330699728,10.653011583869416,120.74949772709107,5.26609273569029
20.435056054583583,25.952401463420212,132.2481569198876,126.53807489504213,10.648560614192466,118.5345165901819,5.295020056002462
20.904079332072914,26.779832815452956,132.6607738192731,128.68695568014223,10.64143700577881,116.33354257673905,5.324103781186913
21.386487195505435,27.633254837475008,133.00245203560712,130.81206083357364,10.631638868925197,114.15088684103866,5.3532020083787435
21.881956946413922,28.510791985768616,133.27133606553832,132.9124515338395,10.619159551862396,111.99071769827269,5.382170775298365
22.3901943735892,29.410654951922464,133.4657992220816,134.98712299317907,10.603985922767452,109.85704508152422,5.4108635782237755
22.91097356132823,30.3311451149554,133.58451311490902,137.0350108390605,10.58609723295625,107.75371923119378,5.439132394995893
23.444161824235923,31.270693936568616,133.62649908857085,139.05501367352952,10.565466516798345,105.6844207048605,5.466829926205573
23.98970081725984,32.22799028323583,133.59117400813673,141.04599781971754,10.54206391148708,103.65263428185996,5.493812254667407
24.547554165653892,33.20210115366449,133.47839241563622,143.00676671889832,10.515860272284643,101.66162024725702,5.519940583223879
25.117652509072688,34.19248144998725,133.28845314513634,144.93600854910656,10.486830560327231,99.71441891094096,5.5450813781335535
25.699853430009366,35.19889314702147,133.02206500245904,146.83225092138363,10.45495630577668,97.81390538053327,5.569106021683888
26.293924481552917,36.22131552280141,132.68030643923112,148.69387414438017,10.420226320444389,95.96286853192969,5.591891154417235
26.89954723197538,37.25988654389835,132.26460989009522,150.51919842670017,10.382637046560266,94.16408359340163,5.61331970981668
27.516322111228625,38.31485280639562,131.7767734283607,152.30656978276693,10.342194897022276,92.42035152460589,5.633282629883169
28.14375971368464,39.386496226208195,131.21898838899617,154.05437478909224,10.298920033891127,90.73447980075865,5.651681372961217
28.78126957598293,40.47505425110651,130.59386144771187,155.76101548245222,10.252849072781965,89.10921717398621,5.668430339794236
29.4281562965345,41.58068687088879,129.90439565924575,157.4248997805885,10.204035896760956,87.54717969700485,5.683458638205087
30.08361590243522,42.70351008433657,129.1539209107656,159.04443943102262,10.152552111409493,86.05078568662796,5.696711940839031
30.746732770083327,43.843638492366495,128.3460081209958,160.61804206532597,10.098489343313501,84.6222086917119,5.708153829123139
31.416486957130278,45.001171483090516,127.48440017691412,162.14412847624587,10.041963382698336,83.26336222906903,5.717764511329277
32.09176897146933,46.176131336254976,126.57296545142395,163.62121018283844,9.983119048880662,81.97591086510327,5.725537134250415
32.77139520855052,47.36839711999483,125.6156611174036,165.04801573788143,9.922137414839481,80.76128406271269,5.731473944773345
33.454125816565416,48.57765626214465,124.61649703599856,166.423585762019,9.859244778782184,79.62067755568233,5.735583337087425
34.13868392870519,49.80338544014833,123.57950801101094,167.74727091285246,9.794716343346204,78.55503708785191,5.737877535029061
34.82377440586353,51.044863701066454,122.50873509385553,169.01866976483367,9.728870571787594,77.56502782510127,5.7383709667503355
35.508101241128294,52.301193885067796,121.40820525371811,170.2375773010885,9.662058142563655,76.65100814383433,5.737079908880587
36.1903745488334,53.57130941484027,120.28191738926041,171.40397652879201,9.594650570007387,75.81302735189689,5.73402317178462
36.86930343167588,54.85397263058965,119.13385421607721,172.518093688664,9.5270312905605,75.05084718328143,5.7292224018048765
37.543590371634295,56.147777320044945,117.96801153066609,173.5804978916826,9.459590516073133,74.36396687205813,5.722701386222869
38.211941650714095,57.45116217633497,116.7884063022327,174.59214078020128,9.392723905761848,73.75162861491192,5.714485502425877
38.873087337823314,58.76244602119977,115.59904171002182,175.5542906167149,9.326833812658126,73.21280028825848,5.704602240621208
39.525794951221144,60.07988143547649,114.40384740881754,176.4685006849532,9.262329739997812,72.74615942626112,5.693081778955833
40.16887258999653,61.40170269081574,113.20663224523307,177.33670890017777,9.199624463292674,72.35010766612874,5.679956099413292
40.8011794003104,62.72615310073471,112.0110751614377,178.16134597828167,9.139125715079755,72.02282066798278,5.665257062338114
41.4216595677448,64.05148797544021,110.82073915091792,178.94536572165225,9.081226821234155,71.7623109240044,5.649014884213628
42.02938185986055,65.3759494241032,109.63906868911106,179.69226898257128,9.026300707933647,71.56648013101811,5.631257515278033
42.6235647585398,66.69772523132904,108.46935800173763,180.40613753297995,8.9746990721119,71.43315305636062,5.612010900660878
43.20359791719012,68.01491890464722,107.31470722273171,181.09162371168534,8.926755785689018,71.3600878323821,5.591300095486189
43.7690642717758,69.32555053959783,106.17798942705441,181.75389049269472,8.882796401506788,71.34496383928293,5.569150651786694
44.3197477526533,70.62759599508638,105.06184416426197,182.39852412049476,8.843154081283345,71.3853658702772,5.545589254343273
44.85561997102849,71.91905148847903,103.9686877193384,183.0314606904364,8.808182598795542,71.47878195449,5.520643054278102
45.37681087545329,73.19797804996513,102.9007211277606,183.6589756750648,8.778259369930927,71.62261240195892,5.494338628273076
45.8835765675059,74.46249032679741,101.85994256141358,184.28769091939378,8.75378227206073,71.81417501950531,5.466702411144171
46.376276068024254,75.71071063738927,100.84816858639734,184.92448058805613,8.735163708341686,72.05069672149942,5.437762999625783
46.855350680837056,76.94073118363092,99.8670366610087,185.5762580098182,8.722825874908864,72.3292977601273,5.4075537207409194
47.32130141891093,78.15059686659121,98.91798101573595,186.24973677197787,8.717209645811517,72.64698342161898,5.376114010523673
47.77468805143771,79.33829036163185,98.00222731092441,186.95122267785985,8.71880451195269,73.00064625280002,5.343489518814688
48.21616819527637,80.50170663043805,97.12083723927319,187.68644591135418,8.728184788961785,73.38707382496182,5.3097318413262204
48.64654198999132,81.63863261659984,96.2747738293708,188.46048097834895,8.746030262466167,73.80298140685012,5.274898891741707
49.066761357536926,82.74675397655955,95.46495786474871,189.27777674365382,8.773129949856783,74.24508351824225,5.23905578057661
49.47793475699126,83.82368575056805,94.69232534373761,190.14219895641122,8.810377805364928,74.71015922574014,5.202275269515074
49.881368558573676,84.86700544436319,93.95788627979024,191.05700266040515,8.858758649154147,75.19507046394716,5.164637454083899
50.278606283073664,85.8742768314917,93.26275454243687,192.02479927753527,8.919324323641908,75.696762021911,5.126228540683326
50.67142093981272,86.84306969720927,92.60813708614886,193.04757775062743,8.993171782925412,76.21227853405365,5.0871386260946085
51.06177769560217,87.77098051389711,91.99530533374876,194.1267112470344,9.081429135180322,76.73878990176311,5.04745977813366
51.451786783421014,88.65565131383269,91.42556019991936,195.26289814052657,9.185239262315624,77.27360443198556,5.007286285662828
51.84364836655511,89.49478494571062,90.9001774081184,196.45610727837317,9.305732340617755,77.81416246810417,4.966716667971251
52.239609906657805,90.28616096659043,90.4203329143079,197.70561580025213,9.44399408289976,78.35801580148323,4.925855179923644
52.64195898085064,91.02765574297393,89.98703404022538,199.0101527343344,9.601038765221482,78.90280517088422,4.884811649577545
53.05303241649728,91.71726362112489,89.60108693216819,200.36812381717908,9.777787206928624,79.44624378506965,4.843699811746316
53.4751992977826,92.35312088840773,89.26311199282847,201.77786683160957,9.975045043564478,79.98610459073448,4.802634570426109
53.9108058926537,92.93353858488216,88.97357639461832,203.23782257811558,10.193478460780494,80.52020382435892,4.761729513002758
54.36209988871874,93.45703483125092,88.73279133228549,204.74656303723586,10.433590029422872,81.0463808001463,4.721096024572604
54.83116185211506,93.9223601039478,88.54086023764452,206.30277341338973,10.695699805665265,81.56248982066256,4.6808433152887625
55.31988233702459,94.32853156939586,88.39761016467929,207.90526442616326,10.979933678236247,82.06641290406688,4.641078242185258
55.829995854996454,94.67487790746416,88.30253965228161,209.5529484370316,11.286217222436678,82.55607282949104,4.601905234683831
56.363122542181415,94.96106481696053,88.2547944548302,211.2447199450381,11.614273151002275,83.0294260999153,4.563426032983898
56.920763422832486,95.18708219506031,88.2531702297474,212.97930463385208,11.963621426930162,83.48444363716,4.525738193779366
57.50425577532668,95.35320794792595,88.29613825724174,214.755163923293,12.333584755075423,83.91909787526069,4.48893329357843
58.114725138566506,95.45998179425334,88.38188406312959,216.5704774556518,12.723310371548651,84.33137233115156,4.453096814381472
58.75304210799147,95.50821760922877,88.50834662718046,218.42319743485317,13.131811315943281,84.71930852116992,4.418309812428991
59.419775656913295,95.49904548102559,88.67325106127267,220.31113710745367,13.55800638619982,85.08107943091598,4.384650929487033
60.11515260797211,95.43393724159695,88.87412944999791,222.23203497279434,14.000742058164187,85.41505039090323,4.352197427456529
60.839038500821395,95.31469328900332,89.10834304708638,224.18358857210632,14.458807123567201,85.71981749048608,4.321024457042452
61.59093814278064,95.14341890733763,89.37314104830197,226.1634884057876,14.930951511539938,85.99424113993388,4.2912024906378825
62.370010314341044,94.92252196260668,89.66575526810489,228.16945074914597,15.415906374905338,86.23746185234668,4.262793710726512
63.17510187617212,94.65472483620414,89.98347853241738,230.19919597388795,15.912412624451408,86.44888690627808,4.235848564130843
64.00479936428746,94.34305890587397,90.32370646872927,232.25032373202416,16.419276444325135,86.6281693468251,4.2104037417292615
64.85747815071788,93.99083997546688,90.68398897994237,234.32011621117584,16.935440915485103,86.77518440041072,4.186482588494211
65.73133413062175,93.6016444120603,91.06211025662233,236.40536061604936,17.46002958174177,86.88999654649454,4.164098178532855
66.62440706630913,93.17927206893155,91.45613536405133,238.5022866507854,17.992339499470393,86.9728289826079,4.143259465965701
67.53461481035802,92.72767583564577,91.86437284422014,240.60664644777728,18.531805471850387,87.0240382766897,4.123981190359481
68.45979505312054,92.25087912090875,92.28528035004554,242.71383800613083,19.077967265064117,87.04408545315144,4.1062944924335145
69.39772434236929,91.75292061124138,92.71737086498612,244.81896492398386,19.63045070944211,87.03350958931321,4.090251805763226
70.34610402406857,91.23784403330772,93.15916656430234,246.91683860975485,20.188951590088152,86.99291468024424,4.075924119409222
71.30255264456613,90.70972857865843,93.60921774019208,249.00196710452929,20.753212967503696,86.9229702014557,4.063395016657454
72.26464387732096,90.17274484569562,94.06615081681608,251.06854176374702,21.323000072359857,86.8244224902468,4.052755554912004
73.22997253665261,89.63119241662801,94.52868818091494,253.11044214657775,21.89807541550309,86.69811045878784,4.044100722561694
74.19621234996238,89.08947258153779,94.99561875027251,255.1212967828647,22.478174127511767,86.54496711757888,4.037526424431104
75.16116854257992,88.55201671908885,95.46574116842362,257.0945928162947,23.062986331179893,86.36599705393456,4.033125592732591
76.12282911137729,88.02322340504399,95.93781591053903,259.0237754403049,23.65214996310243,86.16225679023678,4.030983787565264
77.07937961085645,87.50740429330195,96.41054402977247,260.90230307069186,24.245245962136373,85.93486388328377,4.031176628448466
78.0291698963693,87.00870839400737,96.88255935429079,262.72368547865415,24.841794743841625,85.68501040233059,4.03376958427538
78.97067369368389,86.53103102839204,97.35241366854106,264.4815292619911,25.441273227014676,85.41394889861716,4.038817938626584
79.90246287628672,86.07794288083922,97.81855158982971,266.1695869508958,26.043158676586536,85.12296135572608,4.046365958366888
80.82317576593213,85.65266290574688,98.27928499287418,267.7818762995046,26.64696509940042,84.81333260663574,4.05644597679867
81.73147016395411,85.25808303234399,98.7327747956636,269.3129568931454,27.252247845902136,84.4863290515535,4.069077298183208
82.62597943850821,84.89682894734996,99.17702069373065,270.7582706705337,27.858606922459693,84.14318274348287,4.084264987955595
83.50528918846655,84.57129970339705,99.60985662709116,272.11438128174615,28.465721772643548,83.78509678635402,4.101999552502203
84.36793598689559,84.28365467010917,100.02896239747704,273.37908046019584,29.07340304546412,83.41327289046168,4.122257500544499
85.21241374287433,84.03581243439626,100.4319216984607,274.5513574382456,29.68163129797115,83.02893007942397,4.145002087014
86.03717303298778,83.82951808569159,100.81632639829562,275.63122602957037,30.29056871600585,82.63330467841851,4.170184477414911
86.84061579071613,83.66641509191743,101.1798623850806,276.6195250518568,30.900548663684006,82.22765905319608,4.197745112525192
87.62109172672801,83.54804086008856,101.52033105461888,277.5178277473263,31.512064714969924,81.81330388593993,4.227613871176749
88.37689908547023,83.47576729043296,101.83564332440272,278.32842986753826,32.12576927168638,81.39161109466573,4.259708585683787
89.10630505078537,83.45075295939851,102.12384234888992,279.05430280121857,32.74246154894029,80.9640186250989,4.293932796570463
89.80759142331736,83.47392759409527,102.38315854190498,279.6990619194784,33.36305350065644,80.53204327721043,4.330173893116343
90.47909121509815,83.54598535275193,102.61205182830906,280.2670600972774,33.988535784014104,80.09729185385667,4.368302571176537
91.11918513859744,83.66737153006996,102.80920722395781,280.7634776010571,34.619956279698634,79.66145121557383,4.408173398603964
91.72627251707921,83.83826489737503,102.97350104132087,281.1942312988592,35.25839086062891,79.22625572607397,4.449625620665451
92.29875075506187,84.05854920096706,103.1039687730327,281.5657726429961,35.90491044510817,78.79344049719387,4.492484169720813
92.83501864448169,84.32777121169548,103.19978172130325,281.88489989202657,36.56060484111817,78.36469139247298,4.536561116618428
93.33349456050709,84.6451040752469,103.2602369204489,282.15857293403735,37.22668544181535,77.94160152434813,4.581657613325445
93.79264994193555,85.00933514951946,103.28476748250134,282.3937013346352,37.90458307654108,77.5256341381349,4.627566762755137
94.21107633232977,85.41887760385269,103.27295524890424,282.59693743944837,38.59595956277175,77.11809104962384,4.674077346030596
94.58757219336827,85.87178757561541,103.22452102380038,282.7745033577631,39.30264557762256,76.72009943055653,4.720977112914062
94.92119839354058,86.36577368646108,103.13930212779769,282.93205870448975,40.02657094463595,76.33262544702804,4.768054448408405
95.21127578821329,86.89821170661642,103.01724522733666,283.07462578130725,40.769742290503345,75.95649453482302,4.815098557320296
95.45735065882273,87.46618309994763,102.85841613592602,283.20657053056925,41.53426173202118,75.59239328772195,4.861899121264613
95.65917387318376,88.06652832106066,102.6630026111922,283.33160445888916,42.32233815563401,75.24085831861241,4.908246081724418
95.81671106164877,88.69588883186944,102.43129949854364,283.45282397598527,43.136270491373466,74.90227093146267,4.953929945305053
95.9301612048593,89.3507244782611,102.1636869452798,283.5728380334148,43.97840320426454,74.57686056772134,4.998743330768592
95.999956614094,90.02731200366986,101.86060733365738,283.6939319692201,44.85104742696042,74.26471103378779,5.042483779531561
96.02673449294228,90.72174140665734,101.52254058084516,283.8181569626893,45.75638527293647,73.9657705226252,5.0849561972394035
96.01128492709249,91.42992315336387,101.14998474643609,283.9473184986765,46.69640007208314,73.67987186603972,5.125973733532844
95.95449624588893,92.14760530032642,100.74345105403245,284.08291517241724,47.67284455623977,73.40676021748023,5.1653579130493155
95.85732618186967,92.87039144915231,100.3034822603132,284.22610047373246,48.68721461919602,73.14611529821596,5.202938694290781
95.7208076455137,93.59375453608894,99.83069160684782,284.377704539692,49.74070352552069,72.89756847531321,5.238554062174284
95.54606292175427,94.3130509746319,99.32579355919059,284.53825821317986,50.834143550820066,72.6607340489267,5.272049653304462
95.33429689222919,95.02354545598818,98.78960348712562,284.7079433390588,51.96795445775371,72.43525998363123,5.303279226793511
95.08677274597535,95.72045040774451,98.22301445632343,284.88651811875593,53.14212163073413,72.22086743499436,5.332105139151144
94.8047862015473,96.3989891611977,97.6269648661001,285.07335251150994,54.356216720907696,72.01735164678317,5.3583982710805
94.48964649652808,97.05452666044576,97.0024050921134,285.2675916828082,55.609440875626035,71.82455745221277,5.382038995342528
94.14268322864785,97.68277341616766,96.35027525899358,285.46831082979503,56.90065531213247,71.64235663223958,5.402920191474338
93.7652880526463,98.27995224575983,95.67150318302237,285.6745731261371,58.22838706611906,71.47064042771787,5.420950515816684
93.35895689208434,98.84284097697387,94.96701880679745,285.8854193886063,59.590824398282514,71.30933183385287,5.436055914729856
92.92530552917437,99.36873707255741,94.23777463606467,286.09980552903875,60.985824441786804,71.15840917083295,5.448179933873984
92.46607302093854,99.85540097398678,93.484772552755,286.31648960561137,62.41094656729216,71.01791291549469,5.457283836748325
91.98312548223203,100.30098150006614,92.70910419773924,286.53393122657343,63.86350045621894,70.88791647506571,5.463346008495025
91.47845475182412,100.70393467137913,91.9119881669829,286.75025495724793,65.34058159249021,70.76848209273616,5.466361042271321
90.95416078722418,101.06296424864324,91.09477357631859,286.9632716790736,66.83908239004866,70.6596476439065,5.466339785768652
90.41240872400915,101.3769950927801,90.25890929859611,287.17060048843695,68.35569522461878,70.56145959985626,5.463309748201205
89.85537170524745,101.6451649660025,89.40590263908648,287.3699246136549,69.88692513006062,70.47401651957253,5.457315100025278
89.28518929805288,101.86681539817191,88.53728328641513,287.5592401689174,71.42910874491459,70.39748711541665,5.448416728183428
88.70395584756729,102.0414765182294,87.65457972075308,287.73693041424883,72.97844187701988,70.33209929869447,5.436692045984787
88.11371584530902,102.16885304008004,86.75931387434197,287.9016733311349,74.53104031158273,70.27810728113248,5.422234857287612
87.51643923054104,102.24881833938659,85.85300883873805,288.0522929560877,76.08303001541704,70.23574442815966,5.405157547829336
86.91398564011487,102.28141766806127,84.93719849338059,288.18765984652214,77.63061275869832,70.20517481638191,5.385595653423911
86.3080800934778,102.266875770511,84.01344129769413,288.3067158685736,79.17007241206623,70.1864611824315,5.363711006954444
85.70030394106702,102.20559411422602,83.08334160679232,288.4086056442229,80.69775689004041,70.17955910855336,5.339690791905301
85.09210028450764,102.09812747563723,82.14856714956865,288.49276268973506,82.21008584996278,70.18432376749077,5.313743508502347
84.48479471849197,101.94515856353236,81.21085642147834,288.55883548032733,83.70357773450543,70.20051472296662,5.286093544747958
83.87962786618867,101.74749653811364,80.27201783030777,288.6065324753464,85.1748695670851,70.2278051196826,5.256974816410597
83.27780429536574,101.50609315678952,79.33391330879954,288.6355010896842,86.62075744064286,70.26579696209166,5.2266238780570236
82.68055308685337,101.22205281694012,78.3984229100704,288.64524369597973,88.03828413356639,70.31403372991888,5.195273662247964
82.08916546589883,100.89663941850637,77.46740470607065,288.63505866618374,89.42481407427425,70.37201594709735,5.163149192717833
81.5049855660473,100.53130114874219,76.5426704649932,288.6040364836,90.77803604745914,70.43922895501179,5.130465526935423
80.92937273575996,100.12769905515896,75.62598855025364,288.5510995312181,92.09592424866153,70.51516839888797,5.097426609981095
80.36366883011432,99.68769717705528,74.71910393543897,288.47502752381683,93.37670198973267,70.59933970639126,5.064223813992523
79.8091812115873,99.21330997648047,73.82374929832856,288.3744489416492,94.61880291260606,70.69123581615835,5.031034253379755
79.2671670744435,98.70664745319044,72.94163787040823,288.2478171751909,95.82082491953408,70.79031816237361,4.998019361845048
78.73881276258513,98.16988463376653,72.07445973289384,288.09338574258885,96.9815135517036,70.89600788638214,4.965323854554138
78.22522035414657,97.60524269804591,71.2238998765445,287.909199631674,98.09980399769103,71.00767749801665,4.933074900250638
77.72740708319155,97.01496438977956,70.39166034693547,287.6931119431103,99.17487824901046,71.12464313240953,4.901381222812159
77.24631609546138,96.40129268647549,69.57945611505485,287.44281350335706,100.20617017582502,71.24616577748401,4.870332583034408
76.78283641998462,95.76646542806239,68.7889795957332,287.15585903624475,101.1933223808441,71.37145826608672,4.840000814916013
76.3378125118536,95.1127127051899,68.02185166077409,286.82968263288836,102.13614652956484,71.49968475137031,4.810442263367328
75.91202602733314,94.44224077501298,67.27957861245682,286.4616391383718,103.03459954303787,71.62995008767228,4.7816999822838016
75.50616787649507,93.75720738448497,66.56352147211864,286.04912599603006,103.88874543509407,71.76128790297899,4.753805168313121
75.12082929274493,93.05969456159015,65.87487108274844,285.5897528082325,104.69870049418026,71.89265470874355,4.7267784975719564
74.75652055886938,92.35168890505776,65.21462946935928,285.0814582968435,105.46461483286194,72.02293418332647,4.700631233818895
74.41370456784905,91.6351009936913,64.58360923751357,284.5225154037095,106.18672765288491,72.15094967660909,4.675365733422365
74.09281780544242,90.91182828267493,63.98244771822571,283.91144382009304,106.86544991912854,72.27548007063314,4.650976134808664
73.79426565835105,90.1838035621071,63.41161395090711,283.2469111918465,107.50139748994583,72.39527914600222,4.627450142032178
73.51840605756762,89.45298096879615,62.871400906411374,282.52769569714025,108.0953576930157,72.50910065833456,4.604771405191163
73.2655306840892,88.7212829620532,62.3619153038921,281.7527162749361,108.64823597663963,72.61573404066905,4.582921537289149
73.0358413197476,87.99056683769018,61.88307124047554,280.92109741643947,109.16104234765021,72.71404909646363,4.56188180027958
72.82942706776267,87.26264364469935,61.43458494115889,280.03221726528875,109.63494855600261,72.80302566787238,4.541634626459789
72.64624685838622,86.53932284237234,61.01597262175096,279.08569798296935,110.0713891848873,72.88174675283766,4.522164706037647
72.48611562969468,85.8224225310205,60.62655697083734,278.08136236849003,110.47212522360863,72.94936835104372,4.503459969098917
72.34870581718519,85.1137258679788,60.2654837472431,277.01920199480486,110.83920752409233,73.00509519188391,4.485513001135038
72.2335736431474,84.41492070457471,59.93174478404493,275.89934909106387,111.17486587569618,73.0481708950481,4.468322916425289
72.14018919251741,83.72755994114796,59.62420342636765,274.72202900631,111.48140963065909,73.07787724491116,4.451897833726573
72.06794788797667,83.05304796994308,59.34161950113532,273.48751278226945,111.76120543043744,73.09355498968084,4.4362575167007305
72.01617005499675,82.39263805378827,59.08266967760659,272.196119922078,112.01671268909695,73.09465438816044,4.421434326890786
71.9841010230667,81.74742362127459,58.84596437089293,270.84829439314893,112.25049878710712,73.08078263797019,4.40747141281012
71.97091649986372,81.11831797246207,58.630067860239464,269.4446993832976,112.46520825672793,73.05172068688412,4.394419473705275
71.9757367149871,80.50603099890601,58.43352549978108,267.9862603202894,112.6635234867613,73.00742608689197,4.382333625323373
71.99764443623498,79.91105692915707,58.25490184075342,266.4741740805539,112.84812827480447,72.94803342611345,4.371270262088777
72.03569641396228,79.3336823257176,58.0928232031594,264.90992910537966,113.02166180468299,72.87383702083655,4.361284103690773
72.08892254584671,78.7740106681133,57.94600102413561,263.29530257765015,113.18668128670346,72.78525358159796,4.352426526824418
72.15631293148863,78.2319935797321,57.81323065435628,261.63229296489175,113.34565384804164,72.68278449880621,4.3447445703238206
72.23679711641097,77.70746693269861,57.69338659890484,259.9230222670791,113.50095768428415,72.56698976355176,4.3382788855989345
72.32922055572212,77.20019229604722,57.58542057602859,258.16966749606013,113.65486936308024,72.4384681218903,4.333061138602627
72.43232681432467,76.70989435819791,57.488351438592055,256.37445515740546,113.80954467476036,72.29783584953441,4.329113454935743
72.54475508165412,76.23627913286792,57.401246701635536,254.53971483718624,113.96699690532834,72.14570339576177,4.326451580796426
72.66504742038866,75.77903116690949,57.32320402882189,252.66795184788108,114.12906453737756,71.9826582801401,4.3250902120785994
72.79165181404161,75.33781344684323,57.253334101332584,250.76189864700925,114.2973827954526,71.80926734995973,4.32504674750534
72.92292528401484,74.91228875123244,57.19074372469261,248.82451409377288,114.47338511451791,71.62609615536986,4.326341652847791
73.05714881669779,74.50214647825696,57.13452448058173,246.85891773821092,114.65832387812522,71.43372203251164,4.32899685969796
73.19254653831354,74.1071096066071,57.083754009839446,244.86829621864155,114.85327078286105,71.23272297371993,4.333033803644041
73.32729881238387,73.72691621327374,57.037518051236844,242.85582372285032,115.05908610374733,71.0236512541049,4.338471337472982
73.45955879731501,73.36128514790656,56.99495513434255,240.8245991836679,115.27637943595019,70.8070112137157,4.345324122377037
73.58748476917425,73.00988363231075,56.955300518009636,238.7776154188578,115.5054785131576,70.58324398428567,4.353603065155388
73.70928250180074,72.67232279125179,56.917903061602246,236.71778385811885,115.74640574544254,70.35271375160882,4.363317825465212
73.82324266632031,72.34819290490833,56.882220550084256,234.647979659291,115.9988553187381,70.1157022278862,4.374479071828205
73.92776887441515,72.03710637536341,56.84781027856038,232.5710570954259,116.26217492492798,69.87241799433835,4.387098594220779
74.02140131971052,71.73870802629679,56.814319905247906,230.48983800761732,116.53537420642297,69.6230157219545,4.401187391903326
74.10283090571794,71.45266312981437,56.78148198521279,228.40709423854202,116.81716487160428,69.36762153978557,4.416753090161714
74.17089334444601,71.17865682369528,56.74911206326039,226.3255282497276,117.10600344113166,69.10636014982514,4.433798076409866
74.22454651231111,70.91640105504858,56.71709987574643,224.2477443104555,117.40012448432358,68.83937056190712,4.452319479527659
74.26284936203622,70.66562139271016,56.68538729574394,222.17620614707653,117.6975839519945,68.56680520322854,4.472312147010137
74.28497463618821,70.42602466128095,56.6539375634518,220.11321331668157,117.9963079468597,68.28882182167682,4.493773745154072
74.29026739446223,70.19728158027452,56.62270375960486,218.0609361281425,118.2941205189878,68.00557979740861,4.516708111520401
74.27830168464969,69.9790414950786,56.59160861362486,216.02150383394633,118.5887570322671,67.7172529704917,4.541124540812596
74.24889127690683,69.77094978060465,56.56054357262067,213.99714694750685,118.87789170179634,67.42406381315803,4.567034704884495
74.20207235230077,69.57263910812144,56.52937958385327,211.99038565682542,119.15918516890855,67.12631918200178,4.5944495881707645
74.13807908135306,69.38371242169823,56.49798347942804,210.004169295937,119.4303319918657,66.82441832248684,4.623377572837098
74.05730239222585,69.20374927401699,56.466242029405805,208.0419022123461,119.68909699483088,66.5188286307383,4.653823903993111
73.96023098840065,69.03233980636368,56.43408476190428,206.10739729912933,119.9333730235136,66.21004776592986,4.685790480675082
73.84739033660286,68.86913092468288,56.401490973692866,204.20477759199338,120.16128214934969,65.89856662600813,4.719274836137906
73.71929093237748,68.7138615058798,56.36848081669693,202.33831844073725,120.37125579318017,65.58483815297906,4.754268749477812
73.5763884645486,68.56636585680202,56.33510094885715,200.5122762720095,120.56202650699571,65.26925486831847,4.790757128437962
73.41905460089768,68.42655231609655,56.30141098520319,198.73076114254073,120.73255851442202,64.9521368334875,4.828717005512396
73.24756152704153,68.29438664016067,56.2674708303907,196.9976769150899,120.88197846562514,64.63373408818826,4.86811719462323
73.0620939343533,68.16988940289013,56.23332868660899,195.31673016453715,121.00954295252808,64.31424336305827,4.908919855730125
72.86278992269585,68.05312802680685,56.19900794650542,193.69146389117907,121.11464815218,63.99382333316623,4.951083731197847
72.64977883103141,67.94419152338006,56.164491816989774,192.12524547890538,121.19684662907405,63.6725959907762,4.994566797484167
72.42318828454803,67.84315506550563,56.12971358896406,190.62119601576939,121.25583922385287,63.350643605513405,5.039326363286768
72.18313114637775,67.75004327107753,56.094560546397574,189.18210588337237,121.29145650553559,63.02801219539813,5.085316542472078
71.92969121838266,67.66479815639478,56.05888831459793,187.8103699600598,121.30365371386347,62.70471487397703,5.132484311884324
71.66290970993118,67.58725806553275,56.022539584648314,186.50795300480968,121.29251045758798,62.38072614103875,5.180766119222222
71.38277114799563,67.51714835572385,55.98536027234961,185.276379549916,121.2582077860873,62.055970556292955,5.230086774248574
71.08919741843386,67.45407832343149,55.94720476904137,184.11671484028807,121.20097357842711,61.73031115527903,5.28036050945638
70.78206731190011,67.39754328522957,55.90793557751767,183.02953637837592,121.12101980812113,61.40353739989103,5.331492723996515
70.46126254738644,67.34693489709512,55.86743149792494,182.01499675991104,121.01850425228194,61.07535495555833,5.383381048959796
70.12671387534579,67.30155692988063,55.82560168265022,181.0730460709312,120.89352292938071,60.74538510231608,5.435915040250351
69.7784367617095,67.26063816398715,55.782389309995956,180.20368426422215,120.74611199956183,60.41317849181525,5.488975041274324
69.41656798915622,67.22333591275907,55.737760054545724,179.4070648174499,120.576246746493,60.078235590759604,5.542431892706666
69.04138759680691,67.18873086749315,55.691686322793494,178.6834460921353,120.38384545856599,59.74002173529662,5.596148437464331
68.6533062374797,67.15582143993514,55.64414279429058,178.03311234987848,120.16878571601623,59.39797866419517,5.649982207472991
68.25284076630982,67.12352875953601,55.59511695238326,177.4563460367191,119.93093355462196,59.05154127977469,5.703788361615669
67.84060435513581,67.09071771660291,55.544618921580906,176.95342784726037,119.67017385059579,58.70015461822359,5.757421972538097
67.41729971665693,67.0562290721811,55.49268431095045,176.52459834512123,119.3864222091375,58.343281633610516,5.8107389353822665
66.98369605540115,67.01891996104719,55.439383314430664,176.16995694062487,119.07961165521844,57.98041120263644,5.863595605981933
66.54059224576284,66.9777141979174,55.38483416945604,175.88933481491355,118.74966157974836,57.61108443280559,5.915847550465073
66.08877817490398,66.93164827928045,55.32920633648668,175.68222004592408,118.39644498851179,57.23493268947157,5.967348276922365
65.6290037974397,66.87989644870744,55.27271300371385,175.54777060830043,118.0197753379441,56.85169870368437,6.017949473543597
65.16197021951129,66.82178014022567,55.215600643002105,175.4848420769762,117.61941483074007,56.461229309331024,6.067503022427164
64.6883519422188,66.75677357536414,55.15814442084869,175.49195299417232,117.1950799969764,56.06345615477891,6.115863350428372
64.20883005890296,66.68451490890247,55.10065180903137,175.56720539028694,116.74643489471502,55.65838269891304,6.162889069738868
63.72410438977025,66.6048296573898,55.0434573427761,175.70821205706275,116.2730954035911,55.246079202540265,6.208445094539812
63.23488301988272,66.51774918315874,54.98689558909398,175.91205696130606,115.77465814859517,54.826678443183354,6.252406461241516
62.741870603381344,66.42349629726193,54.93126777133791,176.17529410319275,115.25072957160941,54.40037541085239,6.294661570465733
62.24576180350261,66.32243906606402,54.876821574007415,176.4939818471034,114.700935002663,53.967436274807476,6.335112453838254
61.74722968757824,66.21503760511202,54.82374374070587,176.8637537036767,114.12493075288432,53.528202621981876,6.3736734107867825
61.24690425787485,66.10179966458196,54.77215680861133,177.27991075748523,113.52244200499388,53.08307826787636,6.410269278931217
60.74534632215151,65.9832438514598,54.722116365920364,177.73749367941417,112.89330640949679,52.6325102582121,6.4448326180146465
60.243024720644485,65.85987269630168,54.67360885751847,178.23131708856172,112.23750724061934,52.176977455276365,6.47730018973222
59.740305314124825,65.73217224016628,54.6265534737077,178.7559877735672,111.55520419418609,51.71698262531705,6.507610144705072
59.23745595862931,65.60064964485647,54.58081323388795,179.30590985974487,110.84674934063858,51.253040037569754,6.535700381846755
58.73465952651873,65.4659015108459,54.53620965135536,179.87526872327086,110.1126774744122,50.78565824000709,6.561507899104848
58.232025495867255,65.32868721374956,54.49252522185955,180.45802960381155,109.35369137252795,50.31532109313366,6.584968835406083
57.7296084947471,65.18996527496688,54.44949192450527,181.04799786509955,108.57065419999641,49.84246976510029,6.606019081725357
57.22744185236639,65.05087090109602,54.40678631413541,181.63893040408118,107.76459188162603,49.367487357041796,6.624595892053131
56.7255683294443,64.9126575850112,54.36404504418759,182.22465165103796,106.9367098501935,48.89068600372508,6.640640419827273
56.224053090854134,64.77663244465428,54.320887908418385,182.79914651483298,106.08840352737757,48.41229656634871,6.6540997460278986
55.72298923266289,64.64409792369867,54.27693107351996,183.35661871704602,105.2212447021863,47.93246246954286,6.664926965029234
55.22250332272887,64.51630496216077,54.231789247811,183.89150821337478,104.33696677732361,47.45123780197089,6.673079681687375
54.72275796608571,64.3944131254141,54.18507326840892,184.3984761328989,103.43746657268096,46.968587812125,6.678518321066506
54.22395211823052,64.27944960167208,54.13638631734076,184.87236728619703,102.52480013425303,46.48439118205951,6.681204722875199
53.726317609736135,64.1722702823467,54.08531992742,185.30816105423006,101.60115452196098,45.99844543918455,6.681101131550288
53.23010758667851,64.07352989180677,54.03145736551343,185.70094383367953,100.6688062274599,45.51047601542292,6.678170343152641
52.73557866279775,63.98365915061832,53.974389365107996,186.04592717817602,99.73007682019612,45.02014929642045,6.672377203055186
52.242973931115664,63.902844663926494,53.91372761861711,186.33848622959331,98.78729388927319,44.52709378090429,6.663690639161743
51.752515919329056,63.83101422868251,53.84910225481992,186.57419580598696,97.8427701704534,44.030930648602684,6.652085417937301
51.264414023440104,63.76783442423282,53.78015346585948,186.7488956117279,96.89879645261027,43.53130295338253,6.637543368885336
50.77887780483269,63.712724390924215,53.70653394826617,186.85880138038667,95.95762764492588,43.02789179197779,6.620054689854428
50.29612399261924,63.66488286617844,53.62792635436059,186.90062530042215,95.02145262758093,42.52042030864508,6.599619964893621
49.816383480496924,63.62332203721296,53.54406548764658,186.8716918698979,94.09235599093807,42.00865200060508,6.576252311825618
49.33992183186825,63.5869034788777,53.45474741411409,186.77004172766738,93.1722891608321,41.492386808418026,6.549978907956197
48.86706293879801,63.554372380419274,53.359820098258645,186.59445668690765,92.26306370101038,40.97145706540854,6.520842101530522
48.39819349533162,63.52439061611444,53.25916842429038,186.34438018953568,91.36636005917833,40.44572608706084,6.488901231199921
47.93374487656802,63.49557722091641,53.15270434883907,186.01982723716262,90.4837336617123,39.915090674739794,6.4542364595430834
47.47416874533817,63.46655658413829,53.04036085641878,185.62136541416663,89.61661324580834,39.37948511515966,6.416953479228753
47.01992958848285,63.43599886022032,52.92208694651188,185.15011998285334,88.7663148774943,38.838883315564296,6.377185702143073
46.57152753779144,63.402644373284865,52.79784476066649,184.60772943575353,87.93409549987749,38.29329866317137,6.335092831346305
46.12954014349998,63.36532545958801,52.66761052993573,183.99628343846823,87.12121962758667,37.74278401940371,6.290857284651751
45.69465735467846,63.323006074494266,52.531381725516646,183.3183017961032,86.32898432288209,37.187433405614414,6.244680251453014
45.26769324254989,63.27483237221314,52.38919196486372,182.57671818173756,85.55868750655691,36.62738390946201,6.196781011950717
44.84957496759366,63.22015529701405,52.24113572821273,181.77481215397512,84.81157150396929,36.06281728023568,6.14740160875363
44.44131617865355,63.15850834797692,52.08740760177051,180.91612002855976,84.08877838451014,35.493962946265995,6.096811570859876
44.04398061089472,63.089567665586195,51.928347809967214,180.004400356832,83.39132687175898,34.92110045385339,6.045306462971226
43.658646352349855,63.013119658564186,51.76446873792168,179.04367101263094,82.72009421787462,34.34455645261406,5.993201245687766
43.286392069888954,62.92903823880102,51.59644833249431,178.03825110210843,82.07579213437187,33.76469600306134,5.940823005093152
42.92831663553635,62.83727225223985,51.42510057848912,176.992746688559,81.45894953794782,33.18191260009431,5.888505301540957
42.585567973976616,62.73785031344716,51.251337631401924,175.91198691902736,80.86991350840496,32.59662066578806,5.8365835139390905
42.25935077826886,62.63089804501415,51.07613095701734,174.80095423541,80.30885862404973,32.009251235984195,5.785390386786225
41.95091752255446,62.516646477809836,50.90048024055678,173.66474097034825,79.7757933822696,31.420250024428043,5.735252758247698
41.66155508565241,62.39542294914966,50.72539751373111,172.50851642848957,79.27056712972994,30.830079051102587,5.686490520460012
41.39255709638929,62.26763710532112,50.55189892035136,171.33747940963394,78.79288204587637,30.239224224123024,5.639416871257415
41.14517503185245,62.133766982304735,50.3809890092221,170.15681123643347,78.34231324763749,29.64820569967838,5.594338118661444
40.92056244616997,61.99433597164681,50.213634714479646,168.97164270018118,77.9183396254555,29.057582951616865,5.551552304441551
40.719733590236885,61.849882155398845,50.050739508981835,167.7870229170544,77.52037256480844,28.467952926859287,5.511346747781847
40.543549637045516,61.70093113658021,49.893127668141354,166.6078732593592,77.14776599080946,27.879946988705093,5.47399447872827
40.392731043036,61.54797207369684,49.74153887636839,165.43892147407357,76.79980957327592,27.294228211503913,5.439749155215685
40.26788083126397,61.39143313307571,49.59662845075427,164.28463341455802,76.47571719297905,26.711485831225495,5.4088388427327105
40.16950318512823,61.2316645426025,49.458969903978044,163.1491534846045,76.17461712731765,26.132428089803682,5.381460483134697
40.09801429063457,61.06893648567971,49.329056317496395,162.0362657487434,75.89554474376457,25.557780473613594,5.357776673290511
40.053748473633576,60.90344408112265,49.207302134538274,160.94943413479535,75.63744724398565,24.988293337080677,5.337914685856583
40.036957192261255,60.73530730690671,49.09404938633863,159.89193342604045,75.39921235712231,24.424753597024772,5.321966691544588
40.04779713320424,60.56456336290443,48.98956990355678,158.86695713762512,75.17970654545346,23.867992553420514,5.309990448531483
40.08630997893767,60.39115593852714,48.89405628659076,157.87763696769665,74.97779381240676,23.318886525460496,5.302010258020713
40.15239896145565,60.214925507745754,48.80760881197632,156.92704188040392,74.79233634927243,22.77834975779374,5.298018017508544
40.245805520256056,60.03560780166008,48.730224223719475,156.0181774025938,74.62221178564623,22.247321057020702,5.2979745034514725
40.36609543488707,59.852854947920136,48.66179232942744,155.1539243809242,74.46636358788143,21.726747506587213,5.301812339912478
40.512670862000036,59.66628160216086,48.60210875289948,154.33691237185016,74.32384899724997,21.21756765622163,5.309441538460302
40.68480821637086,59.4755071516195,48.55089641603742,153.56938568988335,74.1938443413557,20.72069508652328,5.320754896642264
40.881696711376726,59.280165274077476,48.50782044354916,152.8531124675438,74.07561901167675,20.23700268964952,5.335629956221337
41.10245790536288,59.07989318631148,48.47249818029626,152.18935076755665,73.96851471119045,19.76730808544763,5.353928814933841
41.34614921859305,58.87434120560684,48.44451809498068,151.57885272786365,73.87194853291228,19.312360918824982,5.375500541292243
41.61175981396402,58.663220100656794,48.42346834329839,151.02187999211966,73.78543955469556,18.872832494184088,5.400187988784966
41.89820028849788,58.44635306227553,48.40895673882179,150.5182073173928,73.70863779831343,18.449307820440783,5.42783470435286
42.20428464263076,58.22369614924029,48.40060953652446,150.06710629098566,73.64132034857059,18.04228023055535,5.4582871908812844
42.528708043300064,57.99533709832402,48.39806309003959,149.66733491286934,73.58334531162117,17.652148266397173,5.4913927973296905
42.8700328307295,57.76149151105705,48.400974745678546,149.31715872633956,73.53458997551577,17.27921454297553,5.526996383427449
43.22669604926893,57.522487346759746,48.40905355301102,149.01440006287197,73.49489693459877,16.923689170040852,5.564938623638897
43.59703406075095,57.2787312213621,48.42207798388266,148.75651503286898,73.46403354582631,16.585701646746244,5.605056636495458
43.979301067765796,57.03067471327157,48.439880191614755,148.54069603719634,73.44167147627432,16.265325343613213,5.647184614639199
44.37167288299113,56.77879786426349,48.46231496935228,148.3639589858073,73.42738881419979,15.962620923551356,5.691152422933949
44.77225932204513,56.52360641872314,48.48924071608725,148.22317534292233,73.42067524269287,15.677690771979435,5.7367829807564465
45.17914128771964,56.26563743264013,48.52051947562776,148.11507656953563,73.42092796055353,15.410712936912457,5.783890202496488
45.590409442891264,56.00548657552879,48.556028882139564,148.03629875914658,73.42745567976452,15.161935566444784,5.832278665945822
46.00417878308145,55.743860938409966,48.59568561874087,147.98348033312385,73.43950794153265,14.931647227375437,5.881744985341924
46.418588070000716,55.481617843963264,48.63947563601258,147.95336470979274,73.45632235503695,14.720144787458615,5.932079078899058
46.83180267568432,55.21975140176034,48.687465033344964,147.94288799005147,73.47716372412071,14.52770607766427,5.983064125396663
47.242021563618124,54.9593422886713,48.739777815547455,147.94926788564203,73.5013332437527,14.354566671828765,6.034477227797725
47.647487292865904,54.70150589243105,48.79656007586793,147.970078713061,73.52814849311495,14.200900196298877,6.08609295874494
48.04650443031206,54.447349441509154,48.85795252791162,148.00326666107546,73.55690957981919,14.066802733783657,6.13768812337209
48.43745989960045,54.197935171364094,48.92407480947754,148.04708742198002,73.58686993865125,13.952281728579539,6.189044459213441
48.81883288873321,53.95425030124003,48.995011976877606,148.10000419274888,73.61723170647626,13.857248983637875,6.239948254907183
49.18919751851261,53.71718341883913,49.070793995222594,148.16061388175314,73.64717120661638,13.781516270739452,6.290188278326693
49.5472246638876,53.487504422491675,49.15137088915235,148.22763208138795,73.675875614316,13.724792174037445,6.339553858570575
49.89167759834862,53.265851882976335,49.23659558228069,148.29989884489427,73.70256888916595,13.686680245158115,6.387833949709901
50.221401015450226,53.05273275613204,49.326223718645316,148.3763622650494,73.72652130177268,13.666678516981419,6.434817699979023
50.53531280192659,52.848528237372285,49.419925837155134,148.4560341435916,73.74705620999806,13.664180124938074,6.480297602636893
50.83240237962899,52.65349584253536,49.517296114548344,148.53792014096499,73.76356675626909,13.678476168602442,6.524074703061132
51.11173482235989,52.46776402606871,49.617849454385386,148.62093650721363,73.77552609955013,13.708761157898882,6.565962683366613
51.37245863465387,52.29132120989896,49.72101450554976,148.70384796972948,73.78247886088606,13.754138705594045,6.605788922782233
51.613809300411255,52.124006961377596,49.82613213210857,148.78524575358355,73.78403777351794,13.813626634628779,6.6433940124184545
51.83510399038975,51.96551404836423,49.9324592976975,148.8635500752771,73.77989703594547,13.886164349957374,6.678631500390186
52.03573343775734,51.815400722165,50.03917701826893,148.93703066164053,73.76983786718031,13.970623672560667,6.711368094131825
52.215160814765866,51.67310587445207,50.14540729604558,149.00386093760073,73.75371317005533,14.065819575998079,6.741483548703523
52.372932393154606,51.537970206663914,50.25023812838163,149.062195246707,73.73142753579654,14.170517508131777,6.7688696171515295
52.50869067016431,51.409279648658085,50.35274417662501,149.11023042133974,73.7029282412034,14.283438166627754,6.793428654198107
52.622175932787954,51.28632839856244,50.45199870531085,149.1462394335274,73.66820899223048,14.403266164754392,6.815072633866094
52.71322234024504,51.1684653154903,50.54708986577411,149.16859978991306,73.6273230065253,14.528675475874941,6.8337227889422865
52.781765494677174,51.05509770167664,50.63715040672365,149.17583725372376,73.58039556596127,14.65837439893064,6.849310572047602
52.82785956296949,50.94566656364392,50.7213930584454,149.1666742902995,73.52762175322043,14.791147247433695,6.8617808898757895
52.85168742028893,50.83962041468251,50.79913835192416,149.14003776143105,73.46924664437091,14.925870380477534,6.871097259014225
52.853554361452005,50.73640380245841,50.869825660527745,149.09500031027386,73.40553906102699,15.061506951003878,6.877246525060274
52.83387122757072,50.63546539430988,50.933009030469506,149.03070039690814,73.33677282400802,15.197096103869239,6.880240410301305
52.79314424029577,50.536277426478925,50.98834598491915,148.9463080540903,73.26322365694604,15.331744428781446,6.880113337059064
52.73198039647754,50.438348505762576,51.03558110886671,148.8410455053945,73.18518201848225,15.46462018423152,6.876918174418734
52.65109437758729,50.34122044933385,51.07452681076858,148.71421346550696,73.10298692895756,15.594949855900802,6.870721835737518
52.551301006392116,50.24445863529768,51.10504775205351,148.56518461651967,73.0170816622173,15.722016923708129,6.861601900645056
52.433496050082766,50.147645615836815,51.12704850608884,148.39338324141022,72.9280551447847,15.845160393674405,6.849644527313518
52.29863288965298,50.050373041498204,51.140463095305776,148.19831332882976,72.83662663666914,15.963770833886855,6.834943309064189
52.147696823452875,49.95222559541035,51.14524852833718,147.97965436279114,72.74358802120543,16.077286042428426,6.8175994534597475
51.98168149439201,49.85276237988289,51.14137994246194,147.7373391233559,72.64976142469455,16.18519431875402,6.797725056490711
51.80157190298316,49.751508114211234,51.128849703540155,147.4715331261871,72.55600712355255,16.287059413666068,6.775449910582356
51.6083317274022,49.64796108502222,51.10768097249776,147.18254529264289,72.4632561559669,16.382571452376126,6.750928207191582
51.402890456178035,49.54161115774778,51.07795307285242,146.8707455447199,72.3725163663368,16.471598111203306,6.724340804278024
51.186132504051436,49.431953255514244,51.03982663073792,146.53653332586165,72.28483907107967,16.554201593519267,6.695892850108207
50.958903186787325,49.3184901483474,50.993569470872956,146.18036134241632,72.20127169105466,16.630617295094943,6.665809250087241
50.72203769807818,49.20073650032384,50.9395822637041,145.8028109101039,72.1228149028207,16.701215063317413,6.6343297781724
50.47638652524616,49.07823457284854,50.878406698105515,145.4047000423862,72.05038398688323,16.766459648734354,6.601704231338886
50.222811873837735,48.95056737402387,50.8107117624526,144.98715281192057,71.98477678751318,16.82687569238824,6.568187414944904
49.962169253045985,48.81735890701972,50.737277129976974,144.55158459216003,71.92666925693338,16.88301885670692,6.534035012144233
49.695305952490614,48.67828876317746,50.65898244771948,144.09965454878568,71.87664803464071,16.935453925280875,6.4995022677198655
49.423083456645514,48.53314774972069,50.57679066270195,143.6332517505272,71.83524674039157,16.984740307203893,6.464844575803386
49.146397012616156,48.38190747675813,50.49171839625741,143.15451445297165,71.80295895555244,17.03142653673384,6.430316486489594
48.86616835779754,48.22475332237651,50.404797807647945,142.66582431029482,71.78024021795724,17.076054638843626,6.396167941230943
48.583318370089536,48.062072192905475,50.31703498450123,142.169745623292,71.76750143620974,17.1191720451812,6.362639256313182
48.29874165716628,47.89442313730733,50.22937381735981,141.6689728988781,71.76508082941801,17.16134523079249,6.329955852030179
48.01330605093322,47.72250876899862,50.142681001159985,141.16634718444277,71.77320648916702,17.203164988913645,6.298323417282221
47.72788244025996,47.54714442689988,50.05775752737326,140.66488692989043,71.79197562038908,17.245238237831973,6.267924747315525
47.44337374019934,47.36922088291619,49.975356599112516,140.16774996431616,71.82135818726069,17.28817597857964,6.238918562003537
47.16071508250558,47.18966544941938,49.89618374539033,139.67814222296803,71.86120958082427,17.33258939470544,6.211439303895781
46.88085896635195,47.00941011887228,49.82088269863941,139.19923968960046,71.91128066598435,17.379094397184854,6.185596676863568
46.60476336344206,46.82937815267632,49.75002794817442,138.73413311153308,71.97124714576015,17.428317800962358,6.161474461752133
46.333374142244764,46.650494867785625,49.68413456329919,138.28576044288195,72.04077792930205,17.48090102452311,6.139130005575279
46.06760097755791,46.47371156780077,49.62367723337689,137.85682389484913,72.11961109482614,17.537508284611803,6.118596460602373
45.80831666056824,46.30003008416613,49.56909877513554,137.44972528969262,72.20759454061451,17.598852461409138,6.099886980317553
45.556391887978705,46.13052672498223,49.520802323978955,137.06653072685768,72.3046809912118,17.66573089836484,6.082997614552075
45.31272720200133,45.96636935175144,49.47914174252766,136.7089400449883,72.41088788992087,17.739038886664392,6.067907619954772
45.0782537970037,45.808809974346694,49.444414842298535,136.37825078124533,72.52624998976854,17.819744646887813,6.054578621424523
44.85392046190383,45.65915139268346,49.41685270709481,136.07533693645925,72.65079794257156,17.90884268795799,6.042954089185375
44.64068047252214,45.518707759234445,49.396614748923135,135.80065591380952,72.78456281554487,18.007306932137226,6.032959781051067
44.43947483422819,45.38876785372728,49.38380903349656,135.5542777987355,72.92757379414836,18.1160511015501,6.024504986100374
44.2512138943293,45.2705590333721,49.378529790847296,135.3359255750262,73.079829518361,18.23589590150754,6.017483473690114
44.07675699292212,45.165219564709574,49.380875388251226,135.1450199907965,73.24125210415149,18.367542403400964,6.011773799808347
43.91688764129379,45.07378699602617,49.390933238355466,134.98076049853108,73.41164040183656,18.511552550887973,6.007240187530941
43.77228986930548,44.99719907270904,49.40875816665398,134.84227137125924,73.59063674604344,18.668336359066917,6.003734828458539
43.64353265499967,44.9362976209461,49.43436507842881,134.72874066783194,73.77771619317433,18.838143460437497,6.001101321164619
43.531073231110675,44.891825637820325,49.46772994553447,134.63945470195767,73.97219762083489,19.021057156199,5.99917844965045
43.43528597613779,44.86441300032445,49.50879124171632,134.5737508498794,74.1732713117187,19.21699025090878,5.997802964742022
43.35649426286119,44.854554584720326,49.5574499968771,134.5309761202697,74.38003262667637,19.425682738057997,5.996810698567647
43.29497480437923,44.86258717035339,49.61356307950431,134.51048162387553,74.5915056980966,19.64670312795173,5.996036983297723
43.25093950516325,44.88866686526343,49.676932207428166,134.51162776542375,74.80665258038199,19.879457256058668,5.995317178910075
43.22452599412803,44.93275309638382,49.74730137524127,134.5337723763362,75.02437494670828,20.12320485929738,5.994488505545757
43.21581076816266,44.99461753608335,49.82436559706825,134.5762298629255,75.24350721626392,20.377077371252877,5.993397378303804
43.22482327473198,45.073883029387765,49.90778269698957,134.6382110241712,75.46280077455098,20.640094940023285,5.9919135315945065
43.25153604679197,45.170071443359234,49.9971817402727,134.7187732224339,75.68091597646499,20.911188889616636,5.989943046896882
43.29583836748701,45.28265412536087,50.09217280968014,134.8168012150897,75.89643731843478,21.18922754468245,5.9874323639889155
43.357515055115215,45.41111189694108,50.1923669384434,134.93102183618882,76.10790279048457,21.473034567672048,5.9843648194771175
43.43623479459501,45.55497629746297,50.29739545534235,135.0600689889506,76.31382530613274,21.761398650857227,5.980756252626381
43.53154091695434,45.71382373963234,50.406907106365054,135.2026127543059,76.51269641696977,22.05308229283294,5.976653546748942
43.64284097195927,45.887247001321114,50.52054478601515,135.3575299573855,76.70297790245368,22.346832051031807,5.972134473016057
43.76939458772575,46.07483863568772,50.637921634032075,135.52406359531562,76.88309211845093,22.641387313256182,5.967304772611307
43.9103012862302,46.27618508936311,50.75860372608727,135.70190101335731,77.05142164573846,22.93548681772215,5.962291378331082
44.06449613485283,46.49085722732788,50.88209961076367,135.8911413729677,77.20632153235019,23.227873680789013,5.957234474125311
44.230764542353974,46.718402588147505,51.007875194452424,136.09220835114334,77.34614116490582,23.517297544158893,5.952281841780187
44.407777086235875,46.958350458930376,51.13540886796733,136.30577982877946,77.46925897142128,23.80251357137007,5.94758719103869
44.594129271440345,47.21021909420941,51.26425790768999,136.53275255178116,77.57413013190848,24.082281515483988,5.943311079984327
44.788371468766435,47.473509419577354,51.394090714665175,136.77420995775813,77.659328879317,24.355366810965126,5.939620263187537
44.98902851124314,47.74768934148832,51.52467478397073,137.03136150025097,77.72357054416986,24.620542945659178,5.9366827765696675
45.19461423897999,48.03217965928171,51.655842741131345,137.30545987590185,77.7657176697945,24.876594615891474,5.934660705681751
45.403639431784114,48.326342286247076,51.78746417209459,137.5977064733746,77.7847753583334,25.122320971327145,5.933703629433611
45.6146096677229,48.62946618854,51.919436323115015,137.90914715415403,77.77987768180245,25.356537566974648,5.933943281659477
45.82601710060165,48.94075128134115,52.05168208436859,138.24058894075597,77.7502725111262,25.578077539664466,5.935489587069427
46.03633346053442,49.25929527404049,52.18413782327855,138.59257027092457,77.69531310502671,25.785794609407905,5.938429533079156
46.244012796937746,49.58408601573336,52.31673070735589,138.96538266266893,77.61445489327062,25.97856917916618,5.942829073571628
46.447511956019596,49.91399822494928,52.44935369437293,139.35912227521146,77.50725269906113,26.155316073019154,5.9487355970606925
46.64532103177696,50.247800795718305,52.58184168696693,139.773729941844,77.37337359326949,26.314992141082552,5.95617893357482
46.835981814732094,50.584184816374055,52.713953067087935,140.2089799543778,77.21264167020006,26.456604849722307,5.965171303408712
47.01808624616657,50.92180095279672,52.845362683568574,140.6644307964325,77.02508883177012,26.579226259460444,5.975707233357384
47.19026942508529,51.259278051548094,52.97566509828269,141.13937979877616,76.810970772471,26.682013702073046,5.987763872789783
47.351209279347145,51.59521398749686,53.10438016399337,141.63284662038478,76.57075065545708,26.764229959397582,6.001302055542873
47.49962750543469,51.928154819037516,53.23095604487962,142.14358643919994,76.30508314958614,26.825255835109743,6.016268105329925
47.63428396610835,52.256583716878026,53.3547706089284,142.67010177200632,76.01480775929973,26.864595798419806,6.032595420642527
47.75396749933898,52.578936209682084,53.475134282607016,143.21061973721362,75.70093082292627,26.881878315137538,6.05020464937188
47.857490766196534,52.89363756787581,53.59129781071538,143.76304393904192,75.36458565764225,26.876850515701562,6.069002184968413
47.943693535030015,53.199136009435556,53.7024662830925,144.32491524716582,75.00698408225118,26.849369047823206,6.088878016116156
48.01146365254211,53.49392382591522,53.8078198712718,144.89341380592998,74.6293762751077,26.799389643446514,6.109704734274914
48.05979927975684,53.776562775752865,53.90654244077595,145.46541831763625,74.23303662007434,26.726956682949652,6.1313387464311155
48.087910780960954,54.04571019480912,53.997853267186755,146.03760956693813,73.81929490097164,26.632194217290944,6.1536236951924
48.09530218636061,54.3001267774612,54.081034215378544,146.60661111077061,73.38959949743938,26.515300161408256,6.176396044810843
48.08178292939284,54.53866650486474,54.155451745292766,147.1691652700422,72.94555718627088,26.37654419055457,6.199491671598784
48.047429466936954,54.76026297414261,54.220573019823114,147.72227723790448,72.48891513742487,26.216267404645503,6.222750861506132
47.99253686348671,54.96392072470207,54.27596992447903,148.26324149222677,72.02150897076693,26.034880387339847,6.2460202953971855
47.91757554274367,55.14871023778049,54.32131251845799,148.78956242907032,71.5452183980966,25.83285950646362,6.269152810606126
47.82315175558057,55.31376302998321,54.35636309578607,149.29884603449244,71.06194502557663,25.610746641233646,6.292006840633431
47.709970415783125,55.45827353064366,54.38097618056548,149.7887088689181,70.57359744085227,25.369155284345222,6.3144469558702205
47.578804204479994,55.58151808187891,54.39509989262989,150.25672066656904,70.08207065281674,25.10877690783368,6.336345698362891
47.43047055529708,55.6828844118275,54.39877059867054,150.7004006202311,69.58922474865555,24.830379883546343,6.3575869776814615
47.2658117615497,55.7618933419808,54.39209735276502,151.11726584771256,69.09686664045675,24.534800754334416,6.3780706719609706
47.08567455720996,55.81820594119159,54.37524375803054,151.5048871857971,68.60673531985465,24.22293392419503,6.397715409411448
46.89089515825028,55.85162112285598,54.34841800728984,151.8609133503868,68.12049159338012,23.895728815767004,6.416456955947068
46.68230173951028,55.862068879569414,54.311869456668,152.1830699732101,67.63970301009967,23.554198495146377,6.434244113660706
46.4607340555874,55.84960130933864,54.26587849861088,152.4691609353024,67.16581826859894,23.199429273554706,6.451035763525863
46.22706474741301,55.814379175802046,54.21073569854017,152.7170786284729,66.70014764150852,22.83257755055334,6.466799833982676
45.98221250597668,55.756652928159035,54.14672065254055,152.92480104339924,66.24386959694719,22.45485469553058,6.481512498490708
45.72714935298988,55.67674202309609,54.07408533897953,153.09037683648393,65.79806282436307,22.06750977973587,6.4951568904718595
45.46290330092569,55.57501532872174,53.99303875980144,153.2119567938802,65.36374100742349,21.671815243845653,6.5077233362050295
45.1905519513153,55.45187893887971,53.90373715447331,153.28789533999418,64.94186188984764,21.269056092520746,6.519212439343488
44.91120547036673,55.3077786044164,53.80628481763959,153.31683822577983,64.53330546652536,20.860524127821595,6.529638260420257
44.62598423806575,55.14320642298704,53.70073684907452,153.29772472159146,64.13884947276807,20.447518504223545,6.539028118091796
44.33600089053124,54.95869594009169,53.587093476329436,153.22973492306494,63.75916551122627,20.031349881331057,6.547419486800316
44.04236004000697,54.75481040121682,53.465290108877724,153.11225406717222,63.394828241304694,19.613342496824107,6.554858223084794
43.746181049029005,54.53213641345993,53.335194051955504,152.9449399912318,63.04633080062882,19.194829831187583,6.56140114546522
43.448635079670034,54.29128115297781,53.196609916876135,152.72790846920427,62.71411523831696,18.777143023023335,6.567120211253465
43.15098150726512,54.0328672044203,53.04928683851802,152.461883414614,62.398609797870414,18.36159501052216,6.572103435253863
42.85458351275208,53.757527291509355,52.892929418790665,152.14818794233148,62.10025011914136,17.949465358055086,6.576451352586592
42.560893096854194,53.46590183174869,52.72722538726639,151.78865619870712,61.81948120771623,17.541988195378448,6.580270838996903
42.271418149580754,53.158641523860595,52.55188481861258,151.38558504845813,61.55675459120513,17.140342501754283,6.583669176110183
41.987687114132015,52.83642330618127,52.366663029383375,150.94173197108302,61.31252954086201,16.745644078445395,6.586750990547502
41.71122752458911,52.499978649208636,52.171354554070966,150.46030448842578,61.08727199423266,16.358939060140035,6.589618133477865
41.44356917189281,52.150112101472516,51.96577307856411,149.9449191146742,60.88144589254356,15.98119828364148,6.592370336523812
41.186250584753,51.78769547093995,51.7497327249569,149.39955710672476,60.69551265990572,15.613311950902267,6.595105134037565
40.9408024333038,51.41364632280666,51.52303444909433,148.82852379829328,60.529945149463146,15.256084807206113,6.597917051007827
40.70871923543221,51.028906031883835,51.285464603468846,148.23637912301507,60.385230083361854,14.910232555175615,6.600896205598353
40.4914428348225,50.63443445583152,51.03682608866204,147.62782904145902,60.26184530564034,14.576380754284175,6.6041270015245495
40.29035305973371,50.23122795619746,50.77701136537291,147.00759939627505,60.160227285684414,14.255068944526442,6.607689355881679
40.106747353253915,49.82033928550973,50.506085478604675,146.38032266502205,60.08073843587781,13.946761050288016,6.611663463469472
39.94180719250041,49.40287525621956,50.224331441231314,145.75046345001712,60.023635188515485,13.651856848943307,6.616134243642161
39.796560759090866,48.979973511508085,49.932243126528036,145.1222696131528,59.98904182516258,13.370698324083447,6.621191784054492
39.67184902124325,48.552772192721804,49.63049036417986,144.49970887306003,59.97693068057708,13.10357271487769,6.626930123550611
39.56830186621782,48.12238392159261,49.31989370567743,143.88638332137165,59.987107789128565,12.850720564853134,6.6334486172527285
39.48632968910552,47.68988052359199,49.0014241192332,143.28544991006387,60.01920841620784,12.612350710967963,6.640855372831574
39.426130257332396,47.25628557512679,48.676209699082136,142.69958752653324,60.072699031536395,12.38865188142054,6.649269186472249
39.38771191681811,46.822572126682,48.34552853830057,142.13106087415383,60.14687306005593,12.179793332942488,6.6588187126776495
39.37093315429755,46.38967891450887,48.01078480607592,141.58186930508708,60.24083737499057,11.98591897032625,6.669639509481244
39.37554669020633,45.95854921043059,47.67347257065041,141.05385921181255,60.35349861612732,11.807140729074051,6.68186884733216
39.401238461046546,45.53016018986926,47.33513593233718,140.5487122880656,60.48356259255879,11.6435336597555,6.695638642660169
39.44766044268471,45.10552202318443,46.99734041246796,140.06786460890822,60.629562369990325,11.495134003533956,6.711068476749994
39.514447197492004,44.68567601131692,46.66165936458122,139.61245495997187,60.78991559091879,11.36193801274826,6.728260712526524
39.601206814038626,44.271713542811554,46.32965873481571,139.18334302703494,60.96298571558562,11.24389804940819,6.747298101681882
39.70749885931624,43.864788174705254,46.00286999604489,138.78117639445853,61.14712937052744,11.140917518806052,6.7682424014291644
39.832825331604546,43.46609414866997,45.68276065554355,138.4064568268895,61.34073387460244,11.052850674553946,6.7911323708039335
39.976644770838064,43.076825516117566,45.37070886703577,138.0595657726226,61.5422394672396,10.979510375486885,6.815981319538157
40.13839180352451,42.69814637451801,45.067981613957606,137.74073822600724,61.750136203128136,10.920678578612304,6.842775986653956
40.31749106031283,42.33118475685039,44.77572167651797,137.45000304035486,61.96294686773783,10.876111192320629,6.8714779065866125
40.51337412018073,41.977035221435216,44.49494438333927,137.18711921242766,62.179209104988395,10.84553501941409,6.902025996819473
40.725492665133125,41.63674925513528,44.226531532973894,136.95153265482327,62.397454293545906,10.828640904875474,6.934337956679159
40.95331056323431,41.31131088900209,43.97121387924556,136.74236340911042,62.61618679449542,10.825076930428063,6.96831042610835
41.196277273206675,41.001611535413474,43.72954933022187,136.55840789281447,62.83388346207437,10.834442499330468,7.003820998578765
41.45379856147268,40.70844404945177,43.50190727027351,136.39813671780766,63.049022247356085,10.856283451374695,7.040733495341853
41.725217934724874,40.43252076585307,43.288462000635924,136.2596962512794,63.26012245277315,10.890088582585838,7.078903119012206
42.00981360021256,40.174489569801025,43.08919218009097,136.14092567577498,63.46578255400856,10.93528758600087,7.118178317728372
42.306803779501344,39.93492387619312,42.9038817271998,136.0393740911582,63.66472020094357,10.991250812581946,7.158400350798279
42.61534475917176,39.714294926049135,42.73212319861775,135.95230246948114,63.855806839408615,11.057292231006773,7.199402760295401
42.934515162923915,39.512944984962026,42.57333552861647,135.8766829865602,64.0380747345447,11.132677059147705,7.241012008865188
43.263297775305695,39.331067695933086,42.426807315036946,135.80922211753494,64.21069999828288,11.216632742599417,7.283050155367973
43.600570532928444,39.16869612140176,42.29175289086083,135.7464298037761,64.37298869176557,11.30835982805953,7.325339157341387
43.94510613198166,39.02569798013787,42.167350719519575,135.68473981248604,64.52437613758592,11.407043830770633,7.367704536092193
44.2955764044094,38.901774986792944,42.05275090479928,135.62064922478334,64.6644282508594,11.511871263547112,7.409976834958873
44.6505612147383,38.79646370496629,41.947063919773896,135.5508143867023,64.792832736778,11.622046635272104,7.451992334991169
45.00855955858812,38.70913984036956,41.84934633586266,135.47207533082454,64.90937787026391,11.736804935361555,7.493595318023238
45.36799767517646,38.63903154655809,41.75859393143279,135.38145299687386,65.01392711760035,11.855417903424094,7.5346412789387065
45.72723878685659,38.58524232984469,41.67374998563702,135.27616132605553,65.10639603471755,11.977195642825883,7.574998683178575
46.084607937406496,38.546775448041714,41.593726996283365,135.15361332755162,65.18672869076619,12.101486420130307,7.614548414490577
46.43842827811836,38.52255273395105,41.51742888671337,135.01141160101562,65.25487397723649,12.227674430091623,7.65318147527017
46.78704365212434,38.51142608431761,41.443770557617896,134.84738593763532,65.31077430503949,12.35517349013618,7.690795973591342
47.12881462202134,38.512185580658354,41.371706725213144,134.65971642083557,65.35437532655506,12.483418736973647,7.727295339479491
47.46210283877537,38.52357917259633,41.300269032198806,134.4470819506552,65.3856407379151,12.61186063299244,7.762589470425293
47.785265205804826,38.54435520131502,41.228593899688924,134.20875813228812,65.4045475383179,12.739962461483405,7.796597702762623
48.09666326576735,38.57331782891786,41.15593249557418,133.94463938053417,65.41106109498831,12.86719896434007,7.829249965173163
48.39467476655545,38.60937884986042,41.081644751447634,133.6552010914311,65.40510977056012,12.993054459123972,7.860484390321774
48.67769562883181,38.65159321660476,41.0051822735025,133.3414371648752,65.38657405426453,13.117022202640786,7.89024383371811
48.94414074080773,38.69916440302589,40.92606973135503,133.00478768195873,65.3552937499179,13.238606962485822,7.918474133770216
49.19246563342673,38.751420185111094,40.84389110222399,132.64704740263093,65.31109050859114,13.357330576655547,7.94512355386061
49.42121255312461,38.80778544789082,40.75827845640044,132.2702566971546,65.25379777715601,13.472738907722405,7.970141170023221
49.629050149324996,38.867777194961434,40.66890244324689,131.87659330245012,65.18328881778574,13.58440642156709,7.993474565585118
49.814781048385754,38.931013754752435,40.57547189005898,131.46829421909672,65.09949706945525,13.691934945420101,8.015069308207721
49.97732815024426,38.997210538187716,40.477745012699316,131.04762944814033,65.00242740251704,13.7949485012392,8.034870438352707
50.11571984835199,39.06615289065753,40.37553794762623,130.61690294927914,64.89216196978577,13.893089762436663,8.052823682037735
50.22907810272538,39.1376620412841,40.26871735722722,130.1784333036172,64.76886335786102,13.986021146443425,8.068875066600711
50.3166060352822,39.2115786021248,40.15718202088361,129.73451209930522,64.63276903133385,14.073428178833671,8.082969785377745
50.37758087521426,39.28777474416347,40.040843187805024,129.28737893086927,64.48417828310275,14.155020447489962,8.095051557835385
50.41137058651558,39.366174633845716,39.9196072468898,128.83925042829244,64.32344866201429,14.230528398544907,8.105062682179653
50.41747921171213,39.44675343953293,39.79336494581722,128.39240712083165,64.15100364622684,14.299699091760951,8.112944387390652
50.395593200850726,39.529514615807784,39.66199862690492,127.94927039394561,63.967330053929814,14.36229551239026,8.118637293569082
50.34560398999061,39.61446553897798,39.52542908858458,127.51240135617313,63.77295797656348,14.418099337164678,8.122081686916422
50.26761031819806,39.7016031937973,39.38370905305986,127.08447497603787,63.568438931325794,14.466912267968238,8.1232168315062
50.16190537987766,39.79090954901931,39.237115877713364,126.66831166280447,63.354331848744124,14.508553864334573,8.12197924279896
50.028948650513414,39.88235060785814,39.08617959083958,126.26692331607622,63.13119446477308,14.542859529796633,8.118301506577295
49.869330134002126,39.97587402602162,38.931645837331914,125.88349095111298,62.89957845149961,14.569684069394144,8.112112791897781
49.68373582594855,40.07141063252403,38.77442440909462,125.52128045923432,62.66002483467596,14.58891296773813,8.10334020492421
49.47292009240387,40.1688938788811,38.6155528410998,125.18355868613678,62.41305539283992,14.60047567972448,8.091910000231064
49.23769019354292,40.26829545791626,38.45616532830872,124.87354915083746,62.159168923084415,14.60435189241735,8.077748389777948
48.978901600543864,40.36965015060043,38.29745231413865,124.59440793800711,61.89885617130622,14.600569453112033,8.060781608677578
48.69745780226094,40.473051735459755,38.14061321786224,124.34916903136362,61.632626060812726,14.589200222470124,8.040935785052147
48.39431857669563,40.57862988847454,37.98681382837161,124.14064483480617,61.36102005671915,14.570358323452487,8.01813828230376
48.07052494728258,40.68652263316373,37.837154621842515,123.97131895444994,61.08460597734697,14.544199789397933,7.99232076427888
47.72722635531856,40.79684767130677,37.692646423214875,123.8432662320328,60.80396416350905,14.510920470426683,7.96342212293649
47.36568273803367,40.90967793662672,37.55418768110329,123.75809733844332,60.519681159616894,14.47075061463625,7.931390290726901
46.987238214272445,41.02504178804419,37.4225454474408,123.71691792485547,60.23235015032339,14.42394706190715,7.896184052265956
46.59328872085479,41.14296040329858,37.298348629684924,123.72031237840719,59.94256590873253,14.370785084207208,7.857775626970932
46.185267251591426,41.26349617885834,37.182095560953655,123.76836674211651,59.650911271823375,14.311551140570419,7.816153281552308
45.76465757335545,41.386772101360016,37.0741659266081,123.86072518480486,59.35794343256007,14.246536625096537,7.771322822119946
45.33303596088655,41.51295428404518,36.974831402738175,123.99664460930276,59.064184260864536,14.176032119168358,7.723307180498589
44.89212756555254,41.642220538210374,36.88426948377505,124.1750214709342,58.77011451091675,14.100322016831711,7.672144300088032
44.44384626578183,41.77473798887472,36.80257650461286,124.39441493438315,58.47617268331158,14.01968049837973,7.617884874628924
43.990293771188846,41.91065429694804,36.72977024056409,124.65311128487619,58.182754351011674,13.934370169404563,7.560591211990614
43.533721946354156,42.05009893750046,36.66578836663342,124.94923187526093,57.890206222570285,13.844644393690983,7.500336617355207
43.07647338791481,42.19320214526385,36.61049664320968,125.28081966266504,57.59882079432187,13.750755578338119,7.43720411569958
42.62091405981356,42.34012927632692,36.56370361613657,125.64584297428648,57.30884353644082,13.652970189186673,7.371284375539691
42.169370415334086,42.4910978445686,36.52516608649603,126.04213140451955,57.02049414173297,13.551583548466008,7.302673685019907
41.72407694155015,42.64635676331746,36.49458200424366,126.46729818349608,56.73399184499273,13.446924941608698,7.231473758462283
41.28713559407275,42.80614847097188,36.47158304541113,126.91868828857667,56.44957412105775,13.339352102694976,7.157795738312524
40.86049031952714,42.97067752750476,36.45574176581233,127.39336987541024,56.167504871668406,13.229240741568654,7.081768346523934
40.44591754681223,43.14008590161639,36.44660724429267,127.888170295132,55.888073437473864,13.116973698751323,7.003545190673851
40.04502537942477,43.31442813530522,36.44376336746679,128.3997406563541,55.611587180232824,13.00293200002736,6.923306072426449
39.6592531072112,43.49364898037831,36.446871215368084,128.9246163168518,55.338361081570305,12.887488151279733,6.8412528012489915
39.289871777825375,43.67757657116006,36.45567232142077,129.45924873536768,55.06870804762096,12.771000565200293,6.75760300416473
38.937997109565394,43.86594071305468,36.4699750202856,130.00000915415362,54.80293563456182,12.65380928420567,6.672584145697174
38.60462006491066,44.05840942281566,36.4896453056855,130.5431766477695,54.54135090370905,12.536234468815127,6.586428484366066
38.290634851053454,44.25462773607543,36.51459619206515,131.08492851419967,54.28426409155782,12.418577043260496,6.499368734751233
37.99684054780661,44.45424321965172,36.54476679173442,131.6213526598853,54.03198878907155,12.30111879749789,6.411634779859602
37.72392205273281,44.656909220904744,36.58009361846602,132.1484854290317,53.78484858524578,12.184120699456088,6.3234534589977125
37.47243176207544,44.86227030428122,36.62048121180209,132.6623581129428,53.54318518087468,12.067820465672753,6.235051945464428
37.24278690600531,45.06993966541161,36.6657852256818,133.15903243483302,53.3073499214734,11.952430397918153,6.1466611400547295
37.03528766976166,45.27947519544617,36.715832440900556,133.63461721334318,53.0776819224239,11.83813535922904,6.058515618252983
36.85014433267768,45.4903606420402,36.77048018850788,134.08527965401848,52.854503927567514,11.725090651549372,5.970850886847174
36.68749632452855,45.70199489448444,36.82966703527517,134.50727044828366,52.638153552337144,11.613420147611798,5.88390010686703
36.5474231772474,45.913685642636814,36.89341269846146,134.89695490945115,52.429024120240555,11.503216046234352,5.797891108781431
36.42995006245161,46.124649830593576,36.961783745702,135.25082782510017,52.227583945745714,11.394544047046786,5.713044642671267
36.33503964853933,46.33403859532896,37.03486604131133,135.56551086938316,52.03437107236736,11.28745748049807,5.629574882990686
36.26256974675184,46.540991319102446,37.11276793257267,135.83774805232736,51.849968509551516,11.182015928043182,5.547691354603198
36.21230756167512,46.74468693458163,37.19564599097856,136.06440564801156,51.67496581595717,11.07829727849125,5.467600083578355
36.1838912263785,46.94436255100722,37.28371858205475,136.24247067718736,51.50992251111537,10.976398365061877,5.389502869819272
36.17683183313244,47.13930518454155,37.37725239258445,136.36904584199704,51.35534690475378,10.876429223001335,5.3135953050595806
36.190541364661144,47.32883466327236,37.476561032665614,136.4413500912515,51.21169089353726,10.778506419540392,5.240064476090481
36.22436621604019,47.51228667577127,37.5820721775036,136.45673896687933,51.079348983326184,10.682746545398306,5.169087128631453
36.27760323859958,47.68899950878739,37.69445630332169,136.41274899110462,50.95864768730736,10.589260084264426,5.100828512599792
36.34950238402901,47.85830690979892,37.814726442519195,136.30714986145904,50.849831104469594,10.498146378433209,5.035440995582407
36.43926872146643,48.01953936577925,37.944233958834616,136.13799072850867,50.75306550269387,10.409489586182485,4.973062111557764
36.54606005188635,48.172035243998074,38.084579644901275,135.90364767089406,50.668462237950145,10.32335729219532,4.913813545462062
36.66897333496354,48.315159400288856,38.237500685412456,135.60287456605778,50.59608725284279,10.239807682030463,4.857802127502001
36.80702611683401,48.448320106716956,38.40476598748914,135.23484412945072,50.53594176129239,10.158906287025092,4.805121646551913
36.9591440788762,48.57097440801459,38.58808565680876,134.79916438316616,50.48793783302395,10.080740206987405,4.755854088693807
37.12416423076906,48.682620940078706,38.78903430977454,134.29585893496838,50.45189999015024,10.005418483328171,4.710070255591754
37.30085663520225,48.78278655750785,39.008988350848924,133.72531591489746,50.4275947273729,9.93306207969269,4.667829330708672
37.48795516085316,48.87101275227504,39.24907809309151,133.08822840344502,50.41475988284949,9.863792985858716,4.629176654894769
37.684186336199076,48.94684513970152,39.51015333875172,132.385543296025,50.41311105921205,9.797727530965824,4.594140903607586
37.88829063884976,49.009827829536654,39.79275757934641,131.61842149657954,50.42233464273556,9.734974333678512,4.562733006673595
38.09903319979527,49.05950083579797,40.09710769879028,130.7882114946531,50.44209210961097,9.675634044122894,4.53494747316193
38.31520989272836,49.09540126787403,40.42308049872595,129.89644644123797,50.47204067054224,9.619797982776795,4.51076485836423
38.53565849298604,49.11708521447688,40.77020824719857,128.94486469601026,50.51185389214838,9.567545095367247,4.490154048788328
38.75927187670136,49.12417952451658,41.13768476862419,127.93542562161892,50.56123054521434,9.5189375961552,4.473073827321999
38.98500017908477,49.116431552183705,41.52438299614569,126.8702957567525,50.61988960245973,9.474016309489686,4.459474103443934
39.21183901253102,49.09372104164154,41.92888425498662,125.75181511946728,50.687549405426935,9.432797898622546,4.44929753364268
39.43882505582799,49.05604808006895,42.349517911197196,124.58247093244762,50.763897950389676,9.3952766852542,4.442481167911981
39.6650664242447,49.00354045862183,42.784402202320734,123.36489578346026,50.84857274613087,9.361431016237985,4.438957552509332
39.88980042316218,48.93649067406301,43.23147261006553,122.10187780574951,50.94115825067175,9.331228910451378,4.43865578020631
40.112436625997525,48.85538296846134,43.688504983092244,120.7963505855369,51.0411899205912,9.304628424580033,4.4415024828497085
40.33255806909058,48.760878909862754,44.153171578383805,119.45135224386262,51.148154449516575,9.281574254273965,4.4474222207801475
40.54988969807069,48.6537778480756,44.62314562622155,118.06997545224183,51.26148723508475,9.261993775400981,4.456337376002583
40.76425594602902,48.53497811143469,45.096206205124666,116.65533081887033,51.38057054955965,9.245793937848726,4.468167374948245
40.975543372642065,48.405440723387045,45.570315191204635,115.21053051629501,51.50473294136725,9.23285974745754,4.482827247276315
41.1836761673298,48.26614977422183,46.04371822254566,113.73868928608638,51.63325014379568,9.223053962996676,4.500226622553924
41.388607022620484,48.11807261518224,46.51508091591497,112.24293434506306,51.76534931488773,9.216216735868862,4.520269516083386
41.59032582993259,47.96212643201921,46.98356516692013,110.7264165601625,51.90021749325029,9.212164968937309,4.542854229463326
41.788880827102076,47.7991533593552,47.448785366672844,109.19231689489544,52.03700922434642,9.210693384319041,4.5678734906094
41.98438739885416,47.62990536941995,47.91069576078757,107.6438422255198,52.17485033156551,9.211581599421118,4.59521506618352
42.17700477635231,47.45504628088547,48.369475522003725,106.0842133477134,52.31285329449754,9.214607761378893,4.624761674270049
42.36689408386978,47.27517224197802,48.82543164412482,104.51665236360765,52.45015676040154,9.219559852327823,4.656389118617388
42.554185060088905,47.090832491082196,49.27891771117154,102.9443676246408,52.58596360607419,9.226236901322528,4.689964505634747
42.73896280784116,46.902535113802266,49.730265131526075,101.37052992859813,52.7195458298101,9.234444098543896,4.725348905799276
42.92126657431383,46.71074751786499,50.179724854223906,99.79824651620407,52.85022968818062,9.243989383314677,4.762405364044405
43.10108773104907,46.5159100753356,50.62741985864568,98.23055140454458,52.97739946287965,9.254683330714007,4.801006260081182
43.27836340499333,46.318463523535954,51.07331122589653,96.67041174168578,53.100526069678224,9.266340788904007,4.8410345854097026
43.452971208551546,46.11887043290255,51.51718286007975,95.1207232382488,53.21918841784698,9.278783782516452,4.882380766605466
43.624732074121795,45.91761705627185,51.95864381044694,93.58427898364899,53.33306739140307,9.291845801577328,4.924938884600123
43.7934216194502,45.71520490877147,52.39713430387542,92.0637294055023,53.44192264521739,9.305376866493978,4.9686038224140665
43.95878088863981,45.51214883334749,52.83192435789737,90.56156363547339,53.545565198188044,9.319249798720604,5.013269766260561
44.12052387126601,45.30898428078282,53.26210984059528,89.08012226870855,53.64383367971817,9.333367341175627,5.05882984271659
44.27835759508607,45.10627435117705,53.6866132553347,87.6216206678596,53.73657856959559,9.347665347381207,5.1051762886175585
44.43202052924683,44.90461672727607,54.1041879385795,86.18815489444816,53.82364837209422,9.36210861033248,5.152201057644893
44.58131180006123,44.70465506403337,54.51342332445855,84.78168200901793,53.9048705956439,9.37668248918124,5.199796776757582
44.72609297257942,44.50708682414865,54.9127525927076,83.40398554411054,53.980031717107465,9.391384754665642,5.247857568253666
44.86628711211853,44.31267244375093,55.300468196724125,82.05664136957989,54.04886662091205,9.40621923539911,5.29627907322621
45.001894121646295,44.12225938417106,55.6747631374557,80.7409951902882,54.11106253232118,9.42119131228102,5.344957148882701
45.13300072955379,43.93679799688407,56.033813677964254,79.45815674683895,54.16627112595368,9.436304729798353,5.3937857821757875
45.259764721723265,43.75731831989673,56.37587594665465,78.20900658571217,54.21412024560373,9.45155913522431,5.442655897083092
45.382383367094526,43.58488055252918,56.699340969820774,76.99420625124574,54.25422798639988,9.466949614182912,5.491455868267269
45.50106462503213,43.42052935742485,57.00273306867875,75.81420829546295,54.286223220775526,9.482472334789229,5.540072613695056
45.61600951702785,43.26526249814998,57.284683116383874,74.66926695508221,54.30976209011086,9.498136696772828,5.588391928712544
45.727404741899946,43.12001025469345,57.54390351352442,73.55944854918219,54.32452858242474,9.513976327657652,5.636297795709855
45.83541932839561,42.985618754728634,57.779169470293645,72.48463839080249,54.330222645821976,9.530054173315982,5.683671419276336
45.94019680915061,42.862829406849734,57.989307808417514,71.44454111802543,54.326549041239105,9.546464535942105,5.730391687688155
46.04183835873423,42.75225302967642,58.173207004265954,70.43867705391294,54.313216083545235,9.563332003046032,5.7763377457639224
46.14038337621062,42.65434523859068,58.32986563208114,69.46638289903815,54.289941408936485,9.580804706251874,5.821391761034906
46.235801667551655,42.56938859116946,58.45846795917625,68.52681967243302,54.256456886014334,9.59904480110998,5.865440040823891
46.32800167819378,42.497483855202816,58.55844174393129,67.61898094590006,54.21251003736502,9.618220752722968,5.908372784712239
46.41684092270829,42.43855001540422,58.629464106655846,66.7416970435275,54.15786259079843,9.638501895896768,5.95008300011737
46.50212658196815,42.39232795408034,58.67142454566852,65.89364122453087,54.092293079250304,9.66005412837511,5.99046435129505
46.58361205954672,42.35838672305558,58.68437482805172,65.07334258994759,54.01562367398915,9.68303741407793,6.029408182162821
46.66099728026049,42.336142845142824,58.66848285763143,64.27920092676281,53.9277772356325,9.707605212845953,6.066800874951933
46.73393021950702,42.32490443053788,58.62399294708484,63.509497915156764,53.82882892716289,9.73390251436817,6.102522896070477
46.802008946088485,42.32393258494829,58.551192099079564,62.76240521760593,53.71901656150673,9.76205965778312,6.136449926092801
46.86478764409572,42.33248882518016,58.45038298376347,62.035992227594726,53.59871907062817,9.792184186917675,6.168455276381704
46.921788959123056,42.34984520552844,58.32186475832039,61.328235206852796,53.4684332746697,9.824354788086435,6.198412780449493
46.97253880085537,42.37526858268302,58.165921324948265,60.63702851565326,53.328761853709054,9.858620041642824,6.226199621122381
47.01663780808327,42.4080050708841,57.98281346418605,59.960197518619616,53.18040607466093,9.89500548465407,6.251698516348466
47.05383498406642,42.447275404818555,57.772771605000116,59.29551319136384,53.02415508745052,9.933528162289143,6.27479907237337
47.084053711031025,42.49227961506072,57.535989970059774,58.64071016498504,52.86087140586739,9.974208236579186,6.295398161558503
47.107378113019294,42.54221184263924,57.27262457650345,57.99350887008683,52.69147558874785,10.017069722194881,6.313398954736143
47.12403636331412,42.596279677824114,56.982795561372946,57.35163911094879,52.516931121952254,10.062134224075587,6.328709008038535
47.134382040249115,42.653711563988544,56.66659251107378,56.712861622784374,52.33822775689157,10.109413814605285,6.341238832370149
47.13886176153521,42.71375014106559,56.32408179339928,56.0749864361393,52.15636531036215,10.158904158003057,6.350902239025602
47.1379799381604,42.77565292752908,55.95531462535519,55.435888885055014,51.97234457738095,10.21057797779142,6.357618672290928
47.132272966189426,42.838721728108,55.560334009329104,54.793524100596684,51.7871617332496,10.264381519056023,6.361316714932359
47.122291125713964,42.90235357470633,55.13918890596011,54.145940009166694,51.60179306053215,10.320236526176474,6.36193780607296
47.108584353765565,42.96608400924559,54.69198140630845,53.49128886148058,51.417168924924084,10.378045767224929,6.359439649807798
47.09169493402646,43.02962225009701,54.218953061567404,52.82783759459984,51.23415191048354,10.437696639687495,6.353798348650527
47.07216420558655,43.09289975630951,53.72056491537992,52.153977414995346,51.05353854026231,10.499059512036267,6.345007952232484
47.050546373522515,43.15611519857681,53.197525365649845,51.46823318909149,50.8760935105471,10.56198250004558,6.333078023196417
47.02740630929386,43.2197393746659,52.650770061363545,50.76927216077215,50.7025964366283,10.626286436360818,6.3180313734101885
47.00330009608193,43.28447389566383,52.08142101790957,50.055909977007076,50.533866644306514,10.69176215640616,6.2999026436168615
46.978774447843605,43.35118234993692,51.49074456821091,49.32711335803541,50.37075638553055,10.758170306987019,6.278736908225546
46.95440453240772,43.42082128085514,50.88012597732546,48.582001223289694,50.214129564346116,10.82524271937445,6.2545880441442
46.930836810704186,43.49439133028091,50.25107755899016,47.81984577169435,50.06484371899168,10.892684265944336,6.227517603601285
46.90880003218552,43.572904135885,49.605271487097255,47.04007310867963,49.9237506485208,10.9601755269346,6.197595733798794
46.88908856730384,43.657345840401256,48.94455781990565,46.242262276482506,49.791726954141126,11.027377329441032,6.164905228418452
46.87254392862324,43.74863252283271,48.270942525053115,45.42614231967488,49.66971523486649,11.093937040123144,6.129547098416031
46.86004601721949,43.84757435867803,47.58653991268861,44.591587930090455,49.558737513148685,11.159495935601976,6.091644281604647
46.85249830296268,43.95485994434714,46.89352351734782,43.738614680826785,49.45987505696661,11.22369720699934,6.051341843721216
46.85079214811719,44.07104785008398,46.19408429773053,42.86737508576457,49.37423996861969,11.286192998411174,6.008804825009645
46.85576054709447,44.19654877544351,45.49039410080537,41.97815593548064,49.30295130083166,11.34664864172528,5.9642158006984545
46.86813694784963,44.33160293657821,44.784571170737365,41.07137576249867,49.24710629784659,11.404744122725093,5.917773038136789
46.88852485858383,44.476270521070106,44.07864832594779,40.14758108822759,49.20774178155105,11.460173802455909,5.869688743324516
46.91737732469094,44.63044047859498,43.3745479564326,39.207441996071466,49.18580322533004,11.512645531620265,5.820186982476149
46.95498240259389,44.79384185339974,42.67406849053464,38.25174829812686,49.18213924754235,11.561881586694476,5.769501083353884
47.0014570686008,44.9660425542091,41.978881605568766,37.2814052872571,49.19751781421345,11.607626487673967,5.717869962790714
47.0567553383455,45.14643876568042,41.29053128297202,36.29742704028352,49.232653136022684,11.649665015272312,5.6655340344908875
47.12068381765589,45.33424579009941,40.61043296683523,35.3009282298961,49.28822782402056,11.687843590243222,5.6127325960861585
47.192911699818275,45.52849586783144,39.93989076092714,34.29311755812005,49.36489073348508,11.722082040183508,5.5597031383069755
47.27297418264026,45.72804224638096,39.28013951312755,33.275293835499305,49.46322958640767,11.752371414413473,5.506681144149654
47.360276573879865,45.9315694700516,38.632386700488254,32.24884386906323,49.58373530763328,11.778765384693545,5.4538989300302845
47.45410256923464,46.13761895415328,37.99784984084758,31.215241440642426,49.726774388157,11.80137326483438,5.401583448634166
47.55362486572039,46.34464127209783,37.3778227907485,30.176045412237222,49.89257489943324,11.820355090084126,5.34995395659459
47.65791223210275,46.5510767703877,36.77376506816019,29.132893880603163,50.08121928953142,11.835915157292527,5.299220289167732
47.76592938408349,46.75544519778157,36.18735381070561,28.087493160821776,50.292643254929644,11.84829193418443,5.249583285992576
47.876535751941006,46.95640396272737,35.62046336879833,27.04160354673761,50.526646099329426,11.85774554840795,5.201238859299704
47.988490165145414,47.15275988521063,35.07509537040289,25.997025538190798,50.782901489024134,11.864547554966114,5.154383061667037
48.10046207159348,47.34347041917079,34.55329740104517,24.955589820327397,51.060956970488725,11.86897746216978,5.109213266140313
48.2110533234385,47.52765996025671,34.057088996580745,23.919152804087716,51.360229612717426,11.87132481607466,5.065924652381994
48.318831713032026,47.70462975365862,33.58839757021938,22.889596669582605,51.680006164024675,11.871890888508696,5.024705083782467
48.42235951898461,47.87384220880316,33.149004007002304,21.868828633775586,52.019446238356004,11.870985520118174,4.985730792537518
48.520203327259274,48.034894477980934,32.740498140545704,20.858773388052686,52.37758388402852,11.868919368473058,4.94916307620132
48.610934413386474,48.18750230188659,32.36424375962016,19.861358225833705,52.7533262129046,11.865994428254139,4.915145345710133
48.69313162995333,48.33149254688164,32.02135246198006,18.878496029355855,53.14545321526179,11.86249520508077,4.883800525283089
48.765385941967985,48.466787702429336,31.71266473055852,17.91207079646782,53.55261886396948,11.85868113161507,4.85522988453894
48.826302898929086,48.59338075430041,31.438735860612724,16.96392597821813,53.973347755448984,11.85477961054546,4.829514701920467
48.87450329849949,48.711318828035665,31.199826366907743,16.035852697983824,54.40603053439424,11.850979586009707,4.806720495373447
48.90862363565116,48.82070559734047,30.995898540730025,15.129576290107691,54.84892755282449,11.84742705099595,4.786900982872301
48.92731696507746,48.92171105049502,30.826620966259792,14.246743178448291,55.300184133625535,11.844224693655626,4.770099187768089
48.92925468113726,49.01456900973108,30.691381930817546,13.388910295469026,55.75786727563972,11.841436865975544,4.7563463371817996
48.91313150316058,49.09955488318808,30.589308268246825,12.5575375880489,56.22003654488416,11.839098710095708,4.745660883410063
48.877675469341185,49.176957787876056,30.51928223824725,11.753983469899214,56.684825291603815,11.83722624221391,4.738048466320325
48.821660112951264,49.24706480279285,30.479953411351595,10.979501031327809,57.15048118179676,11.835823537014784,4.733502385092
48.74391388919624,49.31015526602252,30.46974899469412,10.23523199610133,57.61535190259401,11.834885804932473,4.732004217882731
48.643325166974066,49.366489975651064,30.48688597072484,9.522198997963875,58.077849762948155,11.83440056075477,4.733523750339883
48.5188447310183,49.416291165469325,30.52938546417011,8.841299258835946,58.53642705110528,11.834347763800347,4.7380176767723645
48.36949026429229,49.45972320466894,30.595088682620002,8.193300952077047,58.98956740929684,11.834698313437347,4.745428284765017
48.19435817420524,49.496882150952075,30.681674401271454,7.578841363878501,59.43579047096006,11.835412323674245,4.75568351967366
47.99264157684335,49.527795772874036,30.786678741284025,6.998425562472507,59.873669838169924,11.836438480350589,4.768697920112659
47.763645486960364,49.55243436117332,30.90751766255402,6.452424925994158,60.301859056931036,11.837713090279252,4.784373181038555
47.506796539281055,49.57072791893951,31.04151136464369,5.941076497751267,60.71911361127836,11.839157153540558,4.80259868992469
47.2216528559299,49.582581262297545,31.18590852913846,5.464485980822881,61.12430015275927,11.840672437729117,4.823253130453441
46.90791334440678,49.58788663954475,31.337908427462427,5.022637008836268,61.516405908828354,11.84214008290973,4.846206943531237
46.56542042282275,49.58653669280085,31.494680924152348,4.615405613140497,61.89456747464297,11.843424844064923,4.871324644291376
46.194155849579914,49.578432061241,31.653386314051183,4.242574298419843,62.25810084231967,11.844383340067724,4.898466178393298
45.79423425417363,49.56348028030493,31.81119682936217,3.9038403506484167,62.60650264023509,11.844870295666228,4.927486667419687
45.36589775688421,49.54159314951313,31.965319367437974,3.5988178790505656,62.939429719546986,11.844739252431228,4.958234448636989
44.90951103890893,49.51269183547575,32.11301699600947,3.327037360626206,63.25667753007662,11.843839303318795,4.9905483126907795
44.42555457432802,49.47672198256208,32.25162778130269,3.087947436157727,63.55815966118905,11.842010413458768,5.024255506734661
43.91461540983291,49.43366925359501,32.37858140241287,2.880921576011859,63.84388642305241,11.839079043656957,5.059171771085371
43.37737639406919,49.383562180427866,32.49141408492965,2.7052680063957917,64.1139459145047,11.834855477435664,5.09510359593586
42.81460571054448,49.32646077532085,32.58778162311908,2.5602382681491336,64.36848684377074,11.829133697026373,5.131851725488093
42.227148093414286,49.26244222365412,32.66547045445881,2.445031462068027,64.60770289412183,11.821693641023868,5.169214413069668
41.61591666162732,49.191592286837555,32.72240758792742,2.3587957778864634,64.83182738417683,11.812305932968588,5.20698974862542
40.9818840909976,49.113997317695876,32.75667004513771,2.3006310965920007,65.04113706006558,11.800741675485394,5.24497814319222
40.32607453382695,49.02973191454087,32.766493533352296,2.269593979609987,65.2359492829866,11.78678770049182,5.282986797111495
39.64955797001661,48.93885015798903,32.750279849117305,2.2647018752776047,65.41661356076908,11.770259763660018,5.3208358421429365
38.95344629310301,48.84138685853084,32.70660274752293,2.284933291684591,65.583516577483,11.751006762907856,5.358362619033595
38.23888999165524,48.737360480206036,32.63421194035408,2.3292256893187453,65.73710134701743,11.728907933927339,5.395421231588883
37.507074757072225,48.62676684661313,32.532035377057746,2.396475006695851,65.87787663199813,11.703867587498902,5.431878919154503
36.759216933154164,48.50956547114694,32.399181038369775,2.485537820505028,66.00639908165385,11.675809944803955,5.467612596920333
35.996557487435346,48.38566733768448,32.23493897508372,2.5952347447783115,66.12323958997831,11.644676701113125,5.502506673663902
35.2203554925404,48.25492685753686,32.03878255149885,2.7243539067426217,66.2289650994402,11.61042833412023,5.536451948796087
34.43188261494216,48.11713650898056,31.810367643915395,2.8716546307545388,66.32414618326499,11.573047615419663,5.569345949859844
33.63241968390303,47.97202844949713,31.54952948134329,3.0358721086352465,66.40936317539933,11.532544563760592,5.601093895835157
32.823254556634964,47.81929026537412,31.256277317647033,3.2157228585484994,66.48518878216427,11.48896137389844,5.631608255523118
32.00567926414291,47.65859028332147,30.93078780378082,3.409909980498074,66.5521595240329,11.442373276136916,5.6608081116462365
31.18098616136059,47.48959795420075,30.57339806304834,3.6171276692119396,66.61075633384877,11.392883856549666,5.688623382462888
30.350466125224585,47.311994183172175,30.18459848157058,3.8360645543215086,66.66139695156289,11.340618208621272,5.715005223219941
29.515411789403245,47.12547747325162,29.765025229984996,4.065405671107041,66.70442880456247,11.28571860735405,5.739936118598785
28.67712382766968,46.92976924937495,29.31545334773436,4.3038338725122,66.74011788277144,11.228344461952954,5.763433010925395
27.83691562261874,46.72461759990471,28.836790653102018,4.5500317597283315,66.76865466286813,11.168672759083183,5.785543703320472
26.996114160812684,46.50979856576586,28.3300715963075,4.8026854059943895,66.79019570832548,11.106894677472486,5.806341188056206
26.156056946959996,46.28511552738359,27.796450201530764,5.060491960651817,66.8049124169021,11.043209658454947,5.825919602120196
25.318085653854364,46.05040123240436,27.23719209573181,5.322171269551892,66.81300315206312,10.97781992754521,5.844391692184136
24.483538781826663,45.805527473182,26.653665912674747,5.586477477163851,66.81466685282123,10.910925608053113,5.861885502146719
23.65374520823392,45.550421478162704,26.047334187417608,5.85220676368822,66.81006314299033,10.842720130514463,5.878539652267117
22.830018527885503,45.28508229172817,25.41974398471354,6.118201251472769,66.79927721173709,10.773386508162197,5.894498484585974
22.013651147800985,45.00959027990995,24.772516928939307,6.383350526017964,66.78229932405483,10.70309439121755,5.90990812228253
21.20590743670057,44.72411279826427,24.107337840377618,6.646591720618137,66.75902000128042,10.631997683157259,5.924913202859464
20.408016060014937,44.42891410715666,23.425942851449527,6.906908963805436,66.72923467983429,10.560233076411743,5.939653268665006
19.621162307698476,44.124364671339706,22.730109358739583,7.163332446694441,66.69265654778295,10.48791964947314,5.954258537032212
18.846481759893805,43.81093883404376,22.021648760493,7.414937056111622,66.64894175257766,10.415159217168615,5.968846193049343
18.085056372084164,43.489200886631814,21.302400273163638,7.660840808266621,66.59772879852446,10.34203662788581,5.983519080141768
17.33791247101152,43.15978545642446,20.574223471866837,7.900203278776472,66.53869223471118,10.268620298517774,5.998367329826562
16.60601953879494,42.82337459554852,19.83898955662704,8.132224595556547,66.47159956820101,10.194967009408945,6.013470475811275
15.890289399335607,42.48067292146278,19.098573542039826,8.356146258677066,66.39634113527951,10.121134023915243,6.02889722660259
15.191575352156454,42.1323841383208,18.35484847716017,8.571253836152101,66.31293710383572,10.04719303754868,6.044703205201991
14.51067061563265,41.77919125061378,17.60968053695404,8.77687950729613,66.22159470217579,9.973237092686716,6.060928977565123
13.848305981207933,41.421740145639696,16.864923216288545,8.97240320295878,66.12283969037024,9.89937889320884,6.077599855891607
13.205147158688781,41.06062705142801,16.122409610711024,9.157253645302093,66.01761498119134,9.825745082205602,6.094727169415605
12.58179275657347,40.69639442439206,15.3839434864968,9.33091061971679,65.90725691854763,9.752470014402967,6.112309641857838
11.97877352554804,40.32953883668719,14.6512909628786,9.492907780248968,65.79339087504464,9.679690432130089,6.130334303520405
11.396552546205381,39.96052434903242,13.926173480332306,9.642834591677678,65.67781921592076,9.60754272514011,6.148777967842486
10.835525950671004,39.58978985015718,13.21026150723074,9.78033695643543,65.56242413831463,9.53616315423097,6.167610101301369
10.296024241444119,39.21774756141669,12.505168532471894,9.905116855298608,65.4490899192309,9.465688182009625,6.18679611090033
9.778313978752932,38.84477734979507,11.812445248299364,10.016931286301444,65.33965571957195,9.396252983382398,6.206299159329503
9.282599237828583,38.47121963888114,11.133574255684117,10.115590745674757,65.2358977963985,9.32798984559063,6.226079667089327
8.809022623429213,38.097367604939876,10.46996542635637,10.200957592889567,65.13951788694914,9.26102785678376,6.2460936175107165
8.357665812885413,37.72346127232348,9.822951484889778,10.272944851368898,65.05211924840496,9.195492295086169,6.266291275745053
7.928549885442959,37.349689269714666,9.19378359315449,10.331516292216865,64.97518215865269,9.13150202253321,6.286616547917618
7.521636737055142,36.976200915121794,8.583627037625499,10.376687519506795,64.91006411549473,9.069166110849753,6.307006071820848
7.136832622090846,36.60312072822329,7.993557513312628,10.408526181809517,64.85802932088433,9.00858166563731,6.327387574663511
6.7739927371433035,36.23055683334652,7.424558674277877,10.42715060495982,64.82028167095393,8.94983254019492,6.347678623103266
6.432924722105544,35.85860667431493,6.877520397789981,10.432729275879815,64.7979661783072,8.892987860880094,6.367787490534591
6.113390580617263,35.48736477008426,6.353236761992428,10.425484090242001,64.79213337966449,8.838100301968069,6.387616292338261
5.815108942942523,35.116928068973685,5.852404285332055,10.40569668902139,64.8037006204917,8.785204878540496,6.407064437822467
5.537759369189998,34.74739531403667,5.37562128204736,10.373714019224346,64.83343851812718,8.734320501206403,6.426029985249972
5.280988279211341,34.378863420593184,4.9233879324812495,10.32994983452469,64.88197467685346,8.685455801779462,6.444408726423945
5.044416678567459,34.01142323758301,4.496106867021439,10.274881960426185,64.94979393691382,8.63861550588285,6.462093337563249
4.827649643638417,33.64515407281307,4.0940847701485135,10.209047693378091,65.03722630501393,8.59380213152531,6.478974232514154
4.630283840276104,33.28011664060745,3.717534589562856,10.133039167810391,65.14442763077658,8.551013572924541,6.494941527027982
4.451910875851032,32.91634513785104,3.366577866908832,10.04750005509322,65.27136192373993,8.510242516669027,6.509887338738627
4.292118956982202,32.55383959171174,3.0412482833315173,9.95312752610784,65.41778363561127,8.471484946557425,6.523708458139902
4.150493816976699,32.192560905810765,2.741497019101684,9.850680149054972,65.58321369900928,8.434758070441585,6.536308732856436
4.02661768229991,31.832432032135777,2.467198215747438,9.740982542172137,65.76691401595302,8.40011543400678,6.547600224816703
3.9200661230828993,31.47334524809577,2.2181523276081645,9.624918528330353,65.96787173792613,8.367648322886692,6.557503611611522
3.8304028390973377,31.11517012660685,1.9940870835246327,9.503415472412044,66.18479797966079,8.337476985016494,6.5659482295250955
3.7571732793619725,30.757757085957873,1.7946588537361507,9.377426358996694,66.41613489930333,8.309740026068324,6.57287100605461
3.6999000231104495,30.400936213495353,1.6194584565782983,9.247913125722746,66.66006469453866,8.284585183907387,6.578214636518772
3.6580818798244104,30.04451417877133,1.4680212300974733,9.115831950314691,66.91452455735923,8.262161511649328,6.581926527632001
3.631195940269428,29.6882726556166,1.3398357268529733,8.982119958797993,67.17723875855556,8.242612164586276,6.58395892582414
3.61870176211716,29.331970342426885,1.2343471226932061,8.847683721674871,67.44577637141259,8.226067943664665,6.58426973743364
3.6200468464936826,28.975347647932335,1.1509576572634956,8.713390224479166,67.71763334351796,8.212643879412054,6.582823624925346
3.634670523196759,28.618131469509894,1.08902808316533,8.580059350519898,67.99032217766384,8.202439451303043,6.579593033301934
3.662004459356206,28.26003904099234,1.0478807800424885,8.448457073138961,68.2614424690355,8.195538802611358,6.57455872897326
3.7014723208848754,27.900781923018403,1.0268027370864097,8.31929032303364,68.52871560641047,8.19200798107515,6.567709247433141
3.752493509158108,27.540071140250443,1.025047480590569,8.193205107930675,68.78998456272983,8.191890899873385,6.559039183234469
3.8144934235135852,27.177622770020886,1.041836430165893,8.070790470267353,69.04319626385144,8.195206648255208,6.548547102624511
3.8869169770219325,26.813162453163603,1.0763599538349944,7.952589743134421,69.28640116774771,8.2019481116731,6.5362338599493075
3.9692396433320667,26.44642840544271,1.1277780781918623,7.839113792041067,69.51778595457101,8.21208103567044,6.522102085008172
4.060972750091997,26.077173962325435,1.1952213667362899,7.7308476624583875,69.73570767806748,8.225543227333914,6.5061579879641736
4.161662601284308,25.70517131691212,1.2777931950897055,7.628248481302707,69.93870009864591,8.242243508838225,6.48841610255466
4.27088414665752,25.33021723759205,1.374574670466842,7.531738837422669,70.1254654716386,8.262060792240057,6.468905520498626
4.388231242649248,24.95213892804898,1.4846316729197278,7.441699855853136,70.29486762475324,8.284844389010605,6.447674371599917
4.513307816556084,24.570798113973527,1.607021787818009,7.35846552522234,70.44591662293018,8.310415223630516,6.424790468458584
4.6457226337752,24.186095473407622,1.740799981496942,7.282317912256094,70.5777368623433,8.338566311776708,6.4003391921286426
4.785085616607253,23.797977531207074,1.8850230479084074,7.213483362059933,70.68952783167616,8.369062668177008,6.374421443152017
4.931003475650321,23.406443227545584,2.0387521903344723,7.152130836045321,70.7805289072901,8.40164390332977,6.347153827659793
5.083075145345343,23.011547338664787,2.201053656756968,7.098372480944842,70.84999498680249,8.43603279487173,6.318670506822697
5.240887163517943,22.613401339953402,2.37099915691411,7.052266060518668,70.89719159245018,8.471948067172287,6.289123638728076
5.404008168859791,22.212173047595897,2.5476678811354074,7.013819456530227,70.92141275687963,8.509114434294924,6.258681013604184
5.571982948328113,21.808087637665754,2.7301503573075943,6.9829957432044,70.92201435223811,8.547265766345125,6.227523041406403
5.744327756597139,21.401431728440905,2.9175528128286095,6.959716382555789,70.8984583136585,8.586145023815277,6.195840732559626
5.920528702705227,20.992555883841302,3.109000398430768,6.943862736961088,70.85036365841675,8.625506834257875,6.1638331524025505
6.100043398749113,20.58186987814855,3.3036393033544815,6.9352777138481,70.77754818312953,8.665125423550323,6.131703121373824
6.282303669764395,20.16983219180348,3.5006396980863244,6.933768073668793,70.68004590591573,8.704806354304894,6.0996533078641555
6.466717643627405,19.756938840704564,3.6992002539341855,6.93910687440599,70.55810025247115,8.744396124028668,6.067885816009712
6.652672430922601,19.343714507080932,3.898552109978865,6.9510352132630375,70.41213937749379,8.783786014338512,6.036605300836227
6.839538911141798,18.9307070070889,4.097960689918477,6.96926245772761,70.24273782644339,8.822913028457288,6.006022186195367
7.026677925603634,18.518484124764232,4.296726807955866,6.993465553609793,70.05057150057986,8.861761770475068,5.976352779200923
7.213446327434734,18.10762967921669,4.494191496670593,7.023289126730434,69.83637651059675,8.900372825402961,5.947816021185927
7.399201891291417,17.698737232944985,4.689752024555638,7.058346683629973,69.60091457435871,8.93886001631412,5.9206282159912815
7.583306825998692,17.29240316831252,4.882890778601547,7.098221922943931,69.34494257835412,8.977424354789942,5.894996872187663
7.765130514246602,16.889220830687332,5.07320254688445,7.1424705671523325,69.069194198161,9.016351399834747,5.871114339226962
7.944051729117794,16.489775081117962,5.260402572341635,7.190624121796495,68.77438144690633,9.055994205880527,5.849151668477352
8.119459861711682,16.09463604427941,5.444314589715786,7.2421955899857995,68.46120962432188,9.096750682856143,5.82925318977318
8.290755337763628,15.704352706640039,5.6248498067075205,7.296686176945542,68.13040170412837,9.139041338843514,5.81153233337117
8.45734978868042,15.319448127648494,5.801984874683069,7.353592037105168,67.78273048593366,9.183290805324654,5.796069654436629
8.618666442644516,14.940417137885996,5.975742206126726,7.412409741541963,67.41903693696308,9.229913435155874,5.7829150227348025
8.774141111316494,14.567726518995874,6.146174137912202,7.472639810339762,67.04021666828916,9.27930098727698,5.772094825736515
8.92322352527066,14.201816669495294,6.3133507571239935,7.533789159689658,66.64719044577717,9.331811295709453,5.763620719363441
9.065378808771126,13.843102562504448,6.4773503744379495,7.595373038895114,66.24088515773306,9.387758508063998,5.757494625137721
9.2000895952848,13.491972894331033,6.638252185198859,7.656916798385001,65.8222390513742,9.44740616731316,5.753708958794944
9.326859313872898,13.148789672644378,6.796130711497758,7.717958986083746,65.39223637758425,9.510964405148234,5.752245002704794
9.445216647641098,12.813891155162741,6.951050720224044,7.778056424873202,64.95195774033833,9.578590588714908,5.753071157832501
9.554720326250143,12.48759679688394,7.10306168504426,7.836790002409559,64.5026122926856,9.650389845256967,5.7561410076743345
9.654963014969145,12.170210498120758,7.252192400241271,7.893769711899843,64.0455336401742,9.726413227662462,5.761391415987647
9.745573842645237,11.86202213273434,7.39844665268964,7.94863748764641,63.58215034241456,9.806656073328037,5.768741247641769
9.826220298345952,11.563311158819022,7.541800001632016,8.001067224123618,63.11394525938969,9.891059316530608,5.778091455151109
9.896610641355107,11.27435469613426,7.6821972856250085,8.050763559683844,62.64241534109282,9.979512164750666,5.789327248171044
9.956497203659554,10.995436783031636,7.819551213772164,8.097461008352457,62.16904501403943,10.071854545895494,5.802321538535593
10.005680466665657,10.726851902908262,7.953743263404658,8.140922966060742,61.69529366607545,10.167884390795633,5.816937216350162
10.044014201049805,10.468899541569936,8.084627028159298,8.180939395171135,61.22258860060679,10.26737703752411,5.833026822994744
10.071411066195274,10.22187325561408,8.212032327791619,8.217323184159392,60.75231971157207,10.370111501014339,5.850430799562311
10.087846129586092,9.986049909953465,8.335768549242312,8.249906695804984,60.285830494958745,10.475886172960001,5.8689767894911045
10.093356400183788,9.761681816329048,8.45562746998965,8.278539738518647,59.824401351544346,10.584515717771858,5.888481188419411
10.088037461823381,9.548991387826332,8.571387670314149,8.303088320128559,59.36922961871824,10.695817405081545,5.908751707640808
10.072039770452896,9.348167956831041,8.682822355769243,8.323432971322246,58.92140976635351,10.809612485410803,5.929590735831325
10.045565902961995,9.159367923070503,8.789709028518637,8.339466470265654,58.48191983051267,10.925790972098316,5.950803094760646
10.008867761782648,8.982718312521985,8.891836847153291,8.351091926546218,58.051628691466426,11.044446806121663,5.972209004723989
9.96224211226398,8.818319959199126,8.989008990105882,8.358222948863851,57.631331672782245,11.165991574446736,5.993655101881484
9.906024379473388,8.666246275899045,9.081041573217036,8.360786994561705,57.22179957652056,11.291164789129645,6.015017282723583
9.84058176375909,8.526539141378393,9.167763021209952,8.35873070506105,56.82381111727662,11.420967830915384,6.036197477291027
9.766307369841181,8.399206050543562,9.249015578635396,8.352024178565644,56.43815168104073,11.556583011378667,6.057118885239929
9.683618072402373,8.284218915740194,9.32465840008591,8.340661841169542,56.065586740435435,11.699302673150443,6.077721241530052
9.59295664937057,8.181512778882748,9.39457186516742,8.324660368115772,55.706825875336634,11.850472720455787,6.097956717668237
9.494793798469043,8.09098450781463,9.458662665722422,8.304055973254616,55.36248832499395,12.011447872769374,6.117787486862562
9.389625916306045,8.012492352310185,9.516869816571552,8.27890256579535,55.03307846039762,12.183551397198434,6.13718441108237
9.277969685891122,7.9458567901324155,9.569172229625469,8.249270629802552,54.71897489722397,12.36803810947697,6.156125035246235
9.160356147890228,7.890862585861379,9.61559481623329,8.215246425199528,54.4204264469279,12.566064918539979,6.1745909109067165
9.03732523557913,7.847261435577566,9.656207681603815,8.176931718503926,54.13754572294554,12.7786686489109,6.192566041998758
8.909421705349196,7.81477575658058,9.691119783436582,8.134444067799725,53.87030081370401,13.006747167684075,6.210037084687926
8.777193337080819,7.793104325596398,9.720477076563052,8.08791699411722,53.618511363801254,13.251041894157341,6.226993754964856
8.641190318785991,7.781928270959958,9.744470804236334,8.037499765990034,53.38185457503752,13.512122154793152,6.243427771853194
8.501963825691101,7.780916457827971,9.763349803802269,7.983357798640569,53.15988016686031,13.790373105706,6.259330894090683
8.360063268423561,7.789729758726608,9.777431192226944,7.9256758258146895,52.95202224218698,14.085987908109134,6.27469387744333
8.216032891103904,7.808021375237488,9.787109449073574,7.864665279654866,52.7575981357553,14.398962896822232,6.289507557459041
8.070408019569069,7.835432188000229,9.7928597310265,7.8005731746318085,52.57579924758638,14.729095079728854,6.3037674070154655
7.923710944540808,7.871584591897553,9.795230626830024,7.733687002122533,52.40568487198063,15.075983427476235,6.317481654073364
7.776447115382562,7.916077943373167,9.794829405526102,7.6643331124834955,52.24618701835304,15.439036571796015,6.330678624484196
7.6291030067096335,7.968485712749742,9.792306052559598,7.592870162216771,52.09612794941688,15.817487038480273,6.343408694653971
7.482146200612015,8.028353308523162,9.788339508200044,7.519680091235621,51.95424104452748,16.210406713938333,6.355742054527632
7.336026328248499,8.095196128629679,9.78362467288617,7.445158830526313,51.81918291502611,16.616717699253016,6.36776672122412
7.19117534191883,8.168498828730304,9.77885751906501,7.369709091332875,51.68953735474021,17.03519967960893,6.379588258067142
7.048006964945163,8.247718219929157,9.774719572417311,7.293736312114547,51.56382068129097,17.464500340186,6.391328429996413
6.906915887404021,8.33229142641451,9.771864310593767,7.217646558385122,51.4404921785358,17.903151255863335,6.403120826535954
6.768277447886118,8.421648500343192,9.77090645730681,7.1418445468838705,51.317964988813365,18.34958395215654,6.415106641640047
6.632447585342826,8.515226579506681,9.77241506580866,7.066730437034766,51.19461350727636,18.802141795184056,6.427435650248163
6.499761662541876,8.612481000586914,9.776909843952398,6.992694714180171,51.06877993448629,19.259089783614343,6.440273150209028
6.37053198971401,8.712890208571713,9.784857785022337,6.9201121424661185,50.938785142672806,19.718624507361156,6.4538075607815015
6.245045965576231,8.815955644552302,9.796668656281218,6.8493369626672775,50.80294404974057,20.178884758071018,6.468251211577433
6.123567339188819,8.921199561745254,9.812690627580734,6.78070028141154,50.65958380279624,20.637966144880743,6.483832004942978
6.0063416309300806,9.028162268934436,9.8332068205582,6.714508493431812,50.50707224681535,21.093941554331646,6.500780460284161
5.893602960301122,9.136398955090806,9.858432457838191,6.651041504864897,50.34386404813516,21.54488111476802,6.519318488456148
5.785577159900287,9.245476231544256,9.888512751809941,6.590550976846322,50.168550218125326,21.988864856481605,6.539655734304985
5.68247949712977,9.354969594535504,9.923521774153837,6.5332595829332,49.97988669744926,22.423990615672825,6.561995005846442
5.58451047121223,9.46446588841138,9.963461812844791,6.479361668615861,49.77679560841832,22.84838475278461,6.586539332617536
5.491853367066027,9.573574952647814,10.008262809204318,6.429024116020668,49.55835190444409,23.260217739968773,6.6134945303994055
5.40467342901345,9.681945701311792,10.05778289831082,6.3823858922132155,49.32377365543454,23.657718880278196,6.643073992933549
5.3231160787892104,9.789275350167351,10.111811682452858,6.339556688967788,49.072429031748406,24.03918533973289,6.67551168953469
5.247303314332853,9.895307837744445,10.170076840755897,6.300615953327688,48.80385598385534,24.40298760610324,6.711073602339049
5.1773308706610015,9.999826529865787,10.232253554871178,6.265612281810424,48.51777579967848,24.747575862655225,6.75005585858025
5.113270134206672,10.102646959453836,10.297974372631955,6.234562610201701,48.21409149752492,25.071489830576873,6.792771177976231
5.0551752736039575,10.203612000645283,10.366835928370934,6.207451418079052,47.89287842551381,25.37337165126043,6.83953140843239
5.0030899082714235,10.302588147090152,10.4384016789154,6.184231482271405,47.5543706548447,25.65197759629316,6.89063095921533
4.9570481410976575,10.399460439044878,10.512203017280601,6.164829974947096,47.19894225384654,25.90618490154214,6.946333164085541
4.917070977538218,10.494125689184735,10.587740856719781,6.149162224335947,46.827090654351,26.134994704137437,7.006860248991802
4.883161218805863,10.586485654166369,10.66448870751623,6.137147567858004,46.43942796981416,26.337533432371842,7.072386996435863
4.855298706198203,10.676442045767947,10.741897781253689,6.128718365963029,46.03667597459468,26.513052828462992,7.143037853122869
4.833437177569471,10.763893140014615,10.8194031645573,6.1238204150936575,45.61966212451655,26.66092741755989,7.2188862698182055
4.817502657786541,10.84872986763917,10.896430932109206,6.122409161094989,45.18931973908289,26.780649581638798,7.299954165041793
4.807392618052817,10.930831026287164,10.972410534476225,6.124444707779123,44.746693727707346,26.87182579520785,7.386210604830451
4.8029770274584145,11.01006072629016,11.046794400587533,6.12988660291616,44.292952063160804,26.93417717434099,7.477571953195512
4.8041036678892235,11.086273278985498,11.11907711714282,6.138689754469776,43.82940263845753,26.967541955085014,7.57390571458073
4.810606722994045,11.159326390224576,11.18880617802801,6.150802023999931,43.357509673162006,26.97187601854908,7.675035616634613
4.822313299761645,11.229094130370685,11.255584134168348,6.166162156892547,42.878900288850915,26.947252248719565,7.780743741361877
4.839044502088361,11.295471357042583,11.319064998714943,6.184696411098786,42.395357415640646,26.893863170289816,7.890769720520679
4.860613403006083,11.358371202866103,11.378950185226428,6.20631392887484,41.90879939314894,26.812029344857685,8.004810177040897
4.886823378048046,11.41772099616931,11.434993845079893,6.230902675972295,41.42124451821172,26.702208390776526,8.122519924416862
4.917466914376637,11.473458997206377,11.487020198356845,6.258327567660876,40.934768351735116,26.564995672303052,8.243514096776702
4.952323493953799,11.525532935207297,11.534939036806824,6.288430577952448,40.451477115501014,26.40111463762002,8.36737051740058
4.991157050896478,11.573900983550105,11.578745426230844,6.321031277655028,39.97350553112058,26.211402115830126,8.493632683193086
5.033714640586244,11.618534564720647,11.618506293553693,6.355926661030878,39.50301231663633,25.9967942260055,8.621814066530266
5.079726283959563,11.659421775131623,11.654345812431743,6.392890698236747,39.042151665132785,25.758317240016236,8.751403332537468
5.128904719032007,11.696570156036948,11.686436367170796,6.431675465608452,38.593039482296795,25.49708536889859,8.88186863425081
5.180945651994512,11.730008997009184,11.714992684735657,6.4720164189985665,38.15773646862085,25.214302756943955,9.012660311489116
5.235531283530069,11.759796742250462,11.740263461390143,6.513641928624676,37.73823628001234,24.91126413597336,9.143214447760066
5.292337688792041,11.786038754759188,11.762519020299608,6.556282212735958,37.336441509855575,24.589350172840998,9.27296048741537
5.351042250171147,11.808906795292339,11.782039033018746,6.599673703213404,36.95413382572578,24.250020324171512,9.401332061335678
5.4113273556475,11.828644175574496,11.799107126291524,6.6435616385816285,36.59295223311081,23.894808926225686,9.527775925519258
5.472880177958396,11.845554167903899,11.814015114571841,6.687705089136721,36.25438114091643,23.52532087965424,9.651756231977984
5.535390891102982,11.859982597592639,11.827069170722373,6.731883058401028,35.93973861025975,23.143219365204367,9.772756137757987
5.598552630831799,11.872302844855167,11.838587829771136,6.77589714425567,35.65015952552404,22.750210399083844,9.8902789761413
5.6620658658528455,11.882904256701769,11.848891443460051,6.819569298074174,35.38658466999549,22.348035395619323,10.003849728315751
5.725646699536087,11.892182164228117,11.85828930068285,6.862736963050238,35.149768369777966,21.938470560114474,10.113016713638606
5.789034975293229,11.900527473029722,11.867068865592115,6.905247911552417,34.94030089800113,21.52332133408713,10.217352207203705
5.851998135166684,11.908315676440047,11.875491281744267,6.946955332088693,34.7586356148526,21.104406976743352,10.316451219769231
5.914330304738749,11.915897492795935,11.88379939700678,6.987713210068205,34.60511485351586,20.683540667663937,10.40992974453259
5.975848561592794,11.923593310789618,11.89223735835596,7.027372715059226,34.479985196554985,20.262511115654775,10.497425034875773
6.036388986094244,11.931692757386585,11.901067641514782,7.065780026858095,34.38339441726122,19.843067708374477,10.578600373603376
6.0958048933965365,11.940458881024995,11.910573195772617,7.1027749825525595,34.31537697852243,19.42690770313183,10.653153411822743
6.153967541990704,11.950132388824223,11.921047368017621,7.1381902981921295,34.27584436257848,19.01566245419443,10.72082237798606
6.2107674834507165,11.960930722280978,11.932780643091242,7.171852102266608,34.264586943373715,18.610882154001104,10.781385942458238
6.266115041872657,11.97304403634297,11.946048534460733,7.203581817280815,34.28127589134699,18.214022903488992,10.834659231318273
6.319939245413473,11.986637271658768,11.961100636298584,7.2331980395393884,34.3254522028644,17.826441229902105,10.880490532987839
6.372185226841902,12.001861646956312,11.978150432273544,7.260517449191824,34.396506106800224,17.449396313733306,10.918759417704273
6.422811219563166,12.018866058606584,11.997366071366065,7.28535573680694,34.493659586244966,17.084054180059205,10.9493743966425
6.4717859431332885,12.03779939582901,12.018862547736797,7.307530026765089,34.61595967405308,16.731490482765906,10.97226927864217
6.519086209634738,12.058805663686831,12.042696168221774,7.326862351615606,34.76227993132246,16.392693621921612,10.987399864731824
6.564695153004585,12.08201751834175,12.068862401769474,7.343182978580193,34.93132271084269,16.068567442439495,10.994744074789084
6.608601941183131,12.107554177452055,12.097297676939851,7.356333826679314,35.12161954417282,15.75993128404464,10.99430607331754
6.650802563266028,12.135531878134007,12.127884300528295,7.366171892533099,35.331535237052194,15.467518861826585,10.986120854093802
6.691300120245006,12.166086139299859,12.16045573297827,7.372570854098023,35.559284227071956,15.191977616026563,10.970256244704792
6.730104022103021,12.199389689530094,12.194799819504171,7.3754203363936055,35.80295904910188,14.933869186983356,10.946812059507323
6.767228977680621,12.235653083379978,12.230662248561368,7.374625032093945,36.06055971146049,14.693672074158068,10.91591663661436
6.80269450525739,12.275111937991944,12.26775749857057,7.3701054693592285,36.33001845644597,14.471784868013275,10.87772181307844
6.836525007396921,12.318011020419991,12.305790479919395,7.361799828132408,36.60922641813528,14.268527240539255,10.832398584561684
6.86874989371893,12.36459103657041,12.344479227077812,7.349664805896973,36.896062694444545,14.084139418087819,10.78013446192636
6.899402787701242,12.415079343291987,12.38356598902156,7.333674593874103,37.18841603130701,13.918781841053795,10.721131833567917
6.928519860256951,12.469683490187387,12.422817147052717,7.313819803371531,37.48419867466844,13.772534913018841,10.655606616961764
6.956139101829026,12.528586249654461,12.462024014957036,7.290108521498434,37.78136122201777,13.645401468648563,10.583787016238116
6.982301859712748,12.59194034345987,12.501017046855383,7.262569068580703,38.077908201954315,13.537317305106649,10.505912370376446
7.007054838252076,12.65986087518937,12.539692721419025,7.231253126123267,38.371907632956706,13.448169381952223,10.422232078400569
7.030449456334193,12.732416467217385,12.578033431795756,7.196238543793917,38.66149172294981,13.37781349606611,10.333004724944788
7.052538241757968,12.809622929830454,12.61610483692555,7.1576308565843,38.94484993542507,13.326083383682763,10.238498044903505
7.07337049464495,12.891440925387172,12.654038833067958,7.115563012594,39.22021962745214,13.292789565378866,10.138990503193668
7.092989194864624,12.97777496465092,12.692017064227684,7.070193882529446,39.485880590994654,13.27771134940595,10.03477373776948
7.111429934212619,13.068471948019566,12.730257948771646,7.021705768723771,39.7401552156239,13.280586268136945,9.926153609173324
7.128721392571677,13.16332132446349,12.769002969541418,6.970300569822099,39.98141056486405,13.301100225605976,9.813448850344235
7.144885854875946,13.262058126782957,12.808500679591297,6.9161947541924516,40.20805808518685,13.338881708360436,9.696988434374155
7.159938676590296,13.364366203342708,12.848990873390267,6.859613699376155,40.418551015746445,13.393502595410759,9.577108733011622
7.173887179682765,13.469879319600244,12.890691343550024,6.8007861402824945,40.61138379378334,13.464483323554148,9.45415026502069
7.186729790282003,13.578180977425639,12.93378740738234,6.739940148092923,40.78509881891177,13.551296570595987,9.328453475098605
7.198454994275837,13.688804888171257,12.97842309860986,6.6773015061363665,40.93830548738414,13.653366477804688,9.200354191663541
7.209039905346028,13.801237669426097,13.024693239649716,6.613093253253732,41.06971417545045,13.770066614017171,9.070180927347813
7.218449504894952,13.914925276347384,13.072637238006001,6.547534964714707,41.178177166149844,13.900722570332102,8.938255622197028
7.2266370016146295,14.029285139763422,13.122236761903402,6.480841962728134,41.262717900657684,14.04461930525764,8.804897177288414
7.233544979265727,14.143724692985895,13.173418311951439,6.413225021405178,41.322538405335976,14.201006479630523,8.670425432512282
7.239107588491547,14.257661700805645,13.226059264106526,6.344890612482778,41.35701025556369,14.36909927465513,8.535162849173767
7.243253835120994,14.370538126689546,13.279994665299727,6.276041313531649,41.365657812361825,14.548080986027339,8.399433190102194
7.245910901821535,14.481823873089569,13.335022273433564,6.206875795910316,41.34813979482952,14.737111142768368,8.263559111627059
7.2470059547393575,14.591013943300716,13.390904634971815,6.137588465913664,41.3042325570232,14.935334252880475,8.127859710369744
7.246465873830396,14.697623801356876,13.447368757164176,6.068369637740243,41.233816312358314,15.141886377426168,7.992647390697505
7.244216652178167,14.801185917568398,13.504105499182494,5.999406945395742,41.136864736191654,15.35590431987566,7.858224227908163
7.240185383841188,14.901250054926646,13.56077069384687,5.9308878697768215,41.01343662043555,15.576538979011682,7.724878795418693
7.234306226057572,14.997387418270408,13.616988392675937,5.863002715408209,40.86366751920297,15.8029649711845,7.592884241564677
7.226528410322624,15.089195171821551,13.672357732301746,5.7959473466432785,40.687761469137584,16.03437918952274,7.462498101687083
7.21682170710964,15.176298461175982,13.726465926006863,5.729925932982971,40.48598421078392,16.269991180036175,7.333963399053051
7.205176445703787,15.258349945517853,13.778904020713197,5.665154986057993,40.25865837570546,16.509013663094063,7.207509563497289
7.191599746352177,15.335028242806008,13.829277332384335,5.601867676132566,40.006159902905246,16.75065811012417,7.0833518347228415
7.176111148411848,15.406036859124718,13.877207563969458,5.54031447874803,39.72891506270553,16.994135371402844,6.9616890384012615
7.15873916497402,15.471104469858604,13.922329993158709,5.480758752985316,39.4273982470793,17.238658147444834,6.842701164985927
7.139519322825898,15.529988723635128,13.964289533434998,5.4234701308149695,39.10212996556963,17.483441027200662,6.726548601654303
7.118495201372839,15.582487977893974,14.002737714083288,5.368718655052543,38.75367390852489,17.72769748990807,6.613372874942435
7.095723243698113,15.628459533090625,14.03733453577089,5.316770296362628,38.38263338463112,17.9706391214909,6.503296730379187
7.071277700988491,15.667833311577114,14.067764158917761,5.2678829904492055,37.98964753163517,18.21148102098958,6.396422464739427
7.04525110834461,15.700612837311315,14.09376510401725,5.222302489798747,37.57538736132173,18.44944935065218,6.292829690413122
7.017751082331646,15.726866434782771,14.115155189852487,5.1802581392185925,37.140555483302286,18.683786192124202,6.1925740494060415
6.988897402630301,15.746714460676511,14.131833920290461,5.141958670986521,36.685896636243235,18.913754435911205,6.095687288501255
6.958820713852012,15.760315230577843,14.14376904936056,5.107588238248691,36.212219896487476,19.138646952994186,6.002178872329408
6.927661743931769,15.767851444825135,14.15098177595871,5.0773040841366175,35.720420583231885,19.357798149021605,5.912040738499551
6.895570400210672,15.76951845533645,14.153536038749973,5.051237231614614,35.21148759439507,19.570591963002553,5.825256036224909
6.862704224588678,15.765513823499239,14.151532115716705,5.029495239759824,34.686498181018415,19.776462601560368,5.74180812279438
6.829225391454404,15.756027437875575,14.145105705354684,5.012164448873614,34.14661596629443,19.974889983330982,5.661684733052865
6.79529682974215,15.74123335553558,14.134433891267745,4.999310295406173,33.593097196018874,20.16539471676882,5.584876909291162
6.761078775544071,15.721285107179742,14.119743451930622,4.990976333598637,33.0272918057821,20.347536424449924,5.511375969491943
6.726725870045392,15.696314340652037,14.101312480338434,4.987183320997929,32.45062939351714,20.520917788525676,5.4411712276255315
6.692384754607378,15.666431018442955,14.079462794425005,4.987928799463458,31.864596368937267,20.685193709237925,5.374249451373825
6.658192929606556,15.631724091626927,14.05454856380585,4.993186704396369,31.27071648102341,20.84007996806051,5.310595612603943
6.624279210575522,15.592262574417173,14.026945118311362,5.002906892571063,30.67054396055128,20.98535410924123,5.250193325585883
6.590765347967465,15.54809640849792,13.997037257518517,5.017014772902523,30.065668336069855,21.120848821717093,5.193023668544719
6.557768298632548,15.499257298990853,13.965206391927861,5.035410919600184,29.457715995990345,21.246448883709085,5.139063384898719
6.525402717031518,15.445761700760503,13.931818035082644,5.057970977279984,28.848336370546786,21.362098738636792,5.088284643977269
6.493783442240736,15.387616337843747,13.897211300484452,5.084546647992892,28.239177475801014,21.46781110933772,5.040656082154619
6.463027659840013,15.324823133362504,13.861690917232472,5.114967573243851,27.631861404072207,21.563664054750035,4.99614284253206
6.433256209408614,15.257381683896146,13.825521742378589,5.149043399934587,27.02796450116966,21.649787768734097,4.954704987483856
6.404593619489537,15.185292128075934,13.788927338501368,5.186566663382816,26.429002247296783,21.726349687772668,4.9162954290322105
6.377166010251222,15.108563972275974,13.752095855900082,5.22731725759673,25.83641729995035,21.793541154211834,4.880858728742478
6.351096338449531,15.027231504972328,13.71519139448927,5.2710670582319645,25.251569940325485,21.851564345296126,4.848332803422619
6.3264985041725375,14.941367516007467,13.678362072552474,5.317582437573686,24.67573162730961,21.900620860842583,4.81865460263188
6.303472534129451,14.85108911617433,13.641739860350718,5.366624486678322,24.110083405338486,21.94090714869526,4.7917664896200325
6.282101823151348,14.756558036697784,13.605436009899105,5.417949000865822,23.555722402469126,21.972616950740633,4.767619014661604
6.262452389419472,14.657977583192197,13.569536916925719,5.471308046452699,23.013674713007273,21.99594212741784,4.7461704142664125
6.2445732602004815,14.555586456570335,13.534101787667106,5.526452802741914,22.48490367173596,22.011067002658795,4.727385739257844
6.228496976527533,14.449651435553632,13.499162930975691,5.5831364562184564,21.970306655800144,22.018163486299063,4.711236769952689
6.214240336709594,14.340459493138392,13.464729433820217,5.641116280214721,21.470706936173332,22.017395864636473,4.697702160454069
6.201805607335941,14.228308208088333,13.430791661704141,5.700153799260754,20.986850467828003,22.00893380746314,4.686766946158914
6.191181431848554,14.113495477739725,13.397322853180539,5.760012445109799,20.519409514908133,21.992963311228554,4.678420719752622
6.182343490161634,13.996311136531073,13.364278334441869,5.8204538927531635,20.068986413102632,21.969688567271575,4.672653934804813
6.175255904644453,13.87703149778535,13.331595534634804,5.881235157055503,19.636112405790115,21.939331510718056,4.6694526103448695
6.169872566081914,13.75591557260945,13.299195894917487,5.942107731683032,19.221244282119688,21.90214448316748,4.66879291263197
6.166136758430911,13.633201788180884,13.266988715456135,6.002818562591443,18.82476230764523,21.858438198915596,4.670637368803722
6.163979550598452,13.509105863751655,13.234879779531216,6.063111705334647,18.44696930046325,21.808605378109274,4.674934390191165
6.163318580042337,13.383820905110886,13.202785486743823,6.12272957797886,18.088089768996813,21.753123124344963,4.681622144911312
6.164058548936025,13.25751864893787,13.170644044578276,6.181413739862483,17.74826850081163,21.692537533034486,4.690634568078419
6.166093803001986,13.130349610361442,13.1384160504747,6.238906365237276,17.42756866048533,21.627441560323277,4.701904547082233
6.169311360277266,13.002442486293168,13.106079089405863,6.294952945648785,17.12597013513271,21.558453131833264,4.715362580929153
6.1735922344010845,12.873905553190347,13.073624159254546,6.349304601467995,16.843368866687953,21.48619717491992,4.730934210612136
6.178811082742646,12.744831445032482,13.04105377308869,6.4017184148085216,16.579576948731564,21.411292227960466,4.748539206876154
6.184835994554964,12.615304481607842,13.008379827144607,6.451956553642032,16.334322755135094,21.33434033255031,4.76809235029641
6.191529627751843,12.48540832709062,12.975626177145688,6.499785920787444,16.10725131784812,21.255920999395407,4.789504150887279
6.198751437157149,12.355231611419141,12.942838649269367,6.5449791919714455,15.897925806878407,21.17659199194478,4.812680294492536
6.2063608976997475,12.224872184212849,12.910092789536273,6.5873172450732955,15.705831061565682,21.09689525361706,4.837520203684913
6.214222298899223,12.094442326499205,12.87749011726056,6.626592142170387,15.530380181021421,21.017360152323352,4.863916400899057
6.222210058304778,11.964073139699723,12.845148685942462,6.662609560593594,15.370923312983104,20.938497971905925,4.891755631532183
6.230212326151506,11.83391504401624,12.813201055191733,6.695190591117414,15.226755321041292,20.860789493599494,4.920921142388072
6.238132443145594,11.704136959108284,12.78180292527433,6.7241736573747986,15.097120177222914,20.784672589518813,4.9512951928616316
6.245888742562168,11.574927508292838,12.751141485614745,6.749416760834141,14.981213222368673,20.710534679690117,4.982760768473708
6.253412856421617,11.446495114335292,12.721433319609607,6.770799261579684,14.878183618766332,20.638709197051625,5.015201533240133
6.2606483085726605,11.319063908839693,12.692913781957863,6.788222556031285,14.78713875296026,20.569474348440938,5.04850075534857
6.2675521986518214,11.192870601787678,12.665824314150107,6.801609825293616,14.707151173503341,20.503056119901036,5.08254104337353
6.274100311786785,11.068168661357099,12.640401807158677,6.81090487675886,14.637267000759914,20.43963541393623,5.1172051599321975
6.280292475360042,10.945236050914168,12.61687360978494,6.816069843636976,14.576514230651899,20.379353326698453,5.152376215588327
6.286154204198776,10.824378514289341,12.595458992515306,6.817082926217919,14.523910450840061,20.322310381791954,5.187936004564677
6.29173403956195,10.705929934249856,12.576371384016204,6.813938901228188,14.478471203674221,20.268563997826124,5.22376253740457
6.29709915397491,10.59025471348553,12.559815644073977,6.80665321915671,14.43921984756496,20.21813407703355,5.259728731814747
6.30233135614816,10.477747514440626,12.54598092817499,6.795266498709318,14.405196461320893,20.17102030035785,5.29570276019211
6.307524963348465,10.368824569046136,12.53503212117871,6.779845853999535,14.375463253925671,20.127219478770456,5.331549347868016
6.312786759171007,10.263910386475638,12.527101223502408,6.760482636631292,14.349107443535832,20.086729780065596,5.367131698258734
6.318234792892641,10.163426328188866,12.522279018599669,6.737288077384082,14.325243381746205,20.049543624051775,5.402313902684593
6.3239932599375,10.067782789263378,12.520607431403207,6.710388757648609,14.303015653856782,20.015637824616945,5.436963030717113
6.330186429965476,9.977372694669846,12.522073857568898,6.679923898970254,14.281604680941742,19.98496438630383,5.470950112976493
6.336937179802179,9.892563206774199,12.526609834268587,6.646044709278132,14.260232632941717,19.957442434999372,5.504149933548005
6.344370794673504,9.813685725390709,12.534095371048828,6.608913642653345,14.238165686384102,19.932953694141116,5.536439992170852
6.35261838924741,9.74102753821378,12.54436612230227,6.568701825639849,14.214712565244298,19.911345852672433,5.567699216942861
6.361814936098074,9.674827842763683,12.557218743450182,6.525585560810103,14.189222495114734,19.892444248726587,5.597806907433002
6.372092783169344,9.61527744547789,12.572413230153725,6.4797438889686925,14.161084730556835,19.876063661741107,5.626641890898873
6.383574987251099,9.562518529761869,12.589674156637324,6.431357592068982,14.129729494205971,19.86201187741262,5.654081468717539
6.396371599385068,9.5166422264984,12.608692396965864,6.3806084347495595,14.094628814644926,19.850086218571924,5.680000219120719
6.410578570269837,9.477685565622313,12.6291280714005,6.327678471924569,14.055296027989883,19.840069425433093,5.704270067660675
6.426276793823281,9.445629925875098,12.650615164194843,6.272751716986521,14.01128471809306,19.831729569923972,5.726763160270447
6.443529804273481,9.420400928038035,12.672767195714016,6.216019321363953,13.96219003827462,19.82482410062761,5.747356842772176
6.462380702370421,9.401868891523005,12.695182879735862,6.157684668527983,13.907654363809552,19.819103687777982,5.76593796958298
6.482849610681807,9.389851834622243,12.717452918393882,6.097963953889566,13.847375531115016,19.814313417125323,5.782404688406401
6.504932036345339,9.384127188545987,12.73917020087877,6.037082235974912,13.781113475543336,19.81019289832992,5.796666532667739
6.528597759866057,9.384453842852324,12.759942746105676,5.975268280828944,13.708691734043564,19.80647590879065,5.808644748502831
6.553790337618259,9.390595481298435,12.779405944356611,5.912751614259394,13.629994130548432,19.802889006220166,5.818274017470525
6.580427415564077,9.402336021842187,12.797230066872,5.849763313273507,13.544960104529842,19.79914907437123,5.825505141393012
6.608401866189688,9.419485879832413,12.813120777494852,5.786538604720179,13.453580721831772,19.794960336976388,5.83030655508014
6.637583878773541,9.441881415301257,12.826815794283098,5.723317357979953,13.355894991546249,19.79001386161948,5.832663350214514
6.667823413985866,9.469381102575383,12.838085078646845,5.660341210476646,13.25198577239818,19.783991840158624,5.832575217415751
6.698952398531873,9.501864078793057,12.84673725862422,5.597850014784151,13.14197523533466,19.776572466253693,5.830054881852258
6.730787236261121,9.539234697378635,12.852625847215872,5.5360804941326744,13.026020813778016,19.767430359828275,5.825126686128321
6.763131827707507,9.581428081065178,12.855649049153191,5.475266446029209,12.904312530959396,19.75623512951965,5.817824630299638
6.7957801601542664,9.628407827893955,12.855745108026147,5.415637355566878,12.777071188552151,19.742654824487538,5.808189994121601
6.8285178437237946,9.680156238350301,12.852887712794216,5.357414647214721,12.644546303965509,19.72636603847426,5.796268788840536
6.8611230491553865,9.73666698295862,12.847082311714534,5.300807834936242,12.507014247111893,19.70706507067012,5.782109381375269
6.89336831203727,9.797945155223985,12.83836225267075,5.2460117444987056,12.364778971521499,19.68447365063598,5.765760705388286
6.9250242460898,9.864007513300018,12.826784686044679,5.193204396695021,12.218175891328501,19.658338351096276,5.747270847462297
6.9558642184331685,9.934875409913001,12.812427133167109,5.142546154203394,12.067574554502142,19.628426741755323,5.726685830366234
6.9856683794356815,10.010563497762648,12.795386666028168,5.09418154991749,11.913375903427157,19.594523785429512,5.704048852000515
7.0142265545613,10.091072367661008,12.775782697211252,5.048244362260482,11.756005659814912,19.55643322720245,5.679399777721504
7.041339884055348,10.176387653292277,12.753759659595161,5.004864440083538,11.595908141593526,19.5139854597407,5.652775664384241
7.0668215438206925,10.266479840827923,12.729484778451349,4.964172715325738,11.433542265354863,19.46704455719199,5.624215367971786
7.090499000254644,10.361299122753934,12.703141306937523,4.926302065406365,11.26937788115401,19.415507573283932,5.593768615785461
7.1122194989649685,10.46076740473087,12.674921405956534,4.891384898217337,11.103890248052378,19.359298323271283,5.561503943157932
7.131855642997442,10.56477276677932,12.645021823214476,4.859549316622066,10.937553607992111,19.298360408723525,5.527510935904299
7.149307809255842,10.673167555291206,12.613642057580353,4.830915543133632,10.770836557227188,19.232652577166444,5.491898436192985
7.1645045928018645,10.785767350005349,12.580982408728545,4.805593705067073,10.604199766335928,19.162150390528815,5.454791762658899
7.177402148508078,10.902348273670777,12.5472399299094,4.7836822322086405,10.43809402244262,19.086853944846922,5.416329965680021
7.1879811291115185,11.022643184423396,12.512602332964486,4.765265571173636,10.272957071918153,19.00679373308288,5.3766640879282654
7.196241692706554,11.146340060174182,12.477241959867223,4.750411527904913,10.109209806657754,18.92202903583246,5.335956934204742
7.202198764725938,11.273084969026618,12.441314664737503,4.73916917952168,9.947252794991432,18.832641295796073,5.294382433439796
7.205878660777964,11.402487570302434,12.404970043043596,4.731567710358962,9.787463295629577,18.73872782521788,5.252122765335055
7.207316869090628,11.534124982931779,12.368371682619628,4.727617529810403,9.630192592233598,18.640400076074435,5.209364239613032
7.206556944734214,11.667543222415798,12.3317135640079,4.727315414622135,9.475764326114913,18.53778618903099,5.1662938435889245
7.203650727964781,11.802259117385484,12.295222964199064,4.730652042190142,9.324474635285751,18.4310329069257,5.123096930189604
7.198659223316384,11.937767507907028,12.259156577605754,4.737617959160557,9.176593509441778,18.320305151902545,5.079955060207938
7.19165290806508,12.07355970685486,12.22379748832436,4.748205861845536,9.032366856462817,18.20578706275316,5.037043058385402
7.1827106101302425,12.20915273805695,12.189449736303539,4.76240900854506,8.89201953111802,18.087685937755367,4.994525886997037
7.171916551138701,12.344118440236093,12.156427191357318,4.780216771485734,8.755758427758472,17.966235196772136,4.952556783968747
7.159356208364368,12.47810268916518,12.125040393895077,4.801609831653933,8.623775170694007,17.84169252793946,4.911277013857067
7.145112366888876,12.610831675201032,12.095584805497149,4.826557206771304,8.496249785821504,17.714333425930423,4.870816404733962
7.1292618053731776,12.742105532436451,12.068331507678478,4.855014975654905,8.373354972248785,17.584442951753086,4.831294252404806
7.111872834365738,12.871785072393306,12.043522787060029,4.886924799382511,8.255257534680036,17.45230752279636,4.792821596407388
7.093004665418508,12.9997788898345,12.021373160673853,4.922211371948087,8.1421147614947,17.31820672876435,4.7555060662300415
7.072708294498012,13.126032040073072,12.00207078129584,4.960781363737645,8.034067690970788,17.182405314103647,4.7194577876972525
7.051026718672511,13.250514677903618,11.985774409750194,5.0025272777769025,7.9312352158626975,17.045146124771502,4.684792519976809
7.027993395221952,13.373211522275355,11.972608742970046,5.0473351274303875,7.833711023978422,16.906644661618465,4.65163029798388
7.0036299816745595,13.494113524769984,11.96266677042237,5.095090772269905,7.741562251268988,16.76708547186468,4.620091367732237
6.9779446262440725,13.613212835562063,11.95602164092582,5.1456815282452455,7.654828631635765,16.62662013353559,4.590291874076854
6.950931566415827,13.730507183074083,11.952737971092454,5.19899416411451,7.57352290383651,16.48536660757129,4.562340640479068
6.922572496026268,13.846019564889517,11.952873429859798,5.254912424630469,7.4976325325650715,16.343411645748674,4.536337035332316
6.892839772786354,13.959822604303211,11.956474256725569,5.313315978010172,7.427120871016266,16.20082014639993,4.512368820796233
6.86170162375498,14.072046862487264,11.963574715541139,5.374080281729216,7.361927194090005,16.057651791521973,4.4905094924344295
6.829128623425355,14.182867853834608,11.97420546233685,5.437075854950749,7.301967052618136,15.913977779053624,4.470815939213851
6.795099198138729,14.292483575430094,11.988405245485408,5.502166683309474,7.247133450346716,15.769891359337961,4.453326962958106
6.759604229638659,14.401093196193623,12.006225625778445,5.569208903488262,7.197298019952571,15.625514720316097,4.438062407352507
6.722652993054803,14.50888072312897,12.027725700161055,5.638050430098936,7.152311796368072,15.4810063847013,4.4250229540090915
6.684278567613103,14.616005335079118,12.052961862512623,5.708530966659165,7.11200553774452,15.336565730316314,4.414191974817776
6.6445387673672505,14.722598436398478,12.08197694549884,5.7804819387140975,7.076189833069112,15.19242907148441,4.405541482904968
6.603513640876121,14.82876370204724,12.114789470211662,5.853726244825408,7.044656143588326,15.048858872981949,4.399041061604578
6.561303030953842,14.934574853327735,12.151384284487298,5.928077473794136,7.017179561691385,14.906132927337868,4.394664462556896
6.518024201923285,15.040069893765367,12.191710493910323,6.003338718319099,6.993522675405149,14.764539216537838,4.392390252285189
6.473807917046499,15.1452450359003,12.235694216807115,6.079301641948524,6.973439609618038,14.624376697887314,4.392198261054883
6.42879357286546,15.250051240197461,12.283262688820619,6.155746332460498,6.95667934358071,14.48595601078825,4.394065645742678
6.3831251255916905,15.35439367837289,12.33436271006978,6.232442363321337,6.942987850414127,14.34959493510144,4.3979644705980485
6.336948267980797,15.458134055029713,12.38896288637929,6.309150843533975,6.9321100605481725,14.21560948992412,4.403860440266054
6.290408128441461,15.5610967639415,12.447045692505293,6.385626850984351,6.923792467881364,14.084303516861452,4.41171233225809
6.243647026507043,15.66307757105637,12.508597581410834,6.461621881825181,6.917785543700159,13.955958431337768,4.421471883026681
6.196802312034672,15.763849913572672,12.573598618734781,6.536885336724261,6.913845007188262,13.830825201613045,4.433082971988591
6.15000431148312,15.863166469353729,12.642011922698023,6.611164125752312,6.911732278309069,13.709119935302217,4.4464797158728215
6.103374671560813,15.960760663572984,12.713776131638442,6.684201572165202,6.911215340472296,13.591021568961148,4.461584668131028
6.057025196731279,16.05635516913132,12.788803483194153,6.755737810448436,6.912070329383749,13.47666999315123,4.478307963668419
6.011056710684864,16.14967679798653,12.866980914114531,6.8255116835358995,6.914082602495694,13.366165142735516,4.4965475376686515
5.965557694936295,16.24046755040884,12.948169440442294,6.8932620842265075,6.917046551338701,13.259567605221916,4.516191316495377
5.920602779838681,16.328485423611312,13.032201637195119,6.9587282907496935,6.920764660194398,13.156900089084719,4.5371239703698585
5.876251695699393,16.413499957332544,13.11888225122883,7.021651247937615,6.92504610112577,13.058148252194885,4.5592388976071225
5.832549985295413,16.495288572684906,13.20799478060991,7.081776691267234,6.929704976542184,12.963259543482346,4.582449247093179
5.789531560166108,16.573633763773987,13.299310128119403,7.138858643713475,6.934558849659362,12.872140757160855,4.606690628952311
5.747221237456111,16.648319689691967,13.392593429545427,7.192662075024993,6.9394278111631245,12.784657740077702,4.631916699756211
5.705636276149599,16.719128755898055,13.487609013426678,7.242965371641744,6.944133599421969,12.700642458812016,4.658094542885611
5.6647878881111415,16.785839752578994,13.584122808730013,7.289563417091213,6.948498515852793,12.619908693360651,4.685203469501933
5.624683112863679,16.848228397362607,13.681901009734162,7.3322702964492645,6.952344200326475,12.542268692198448,4.713235806675998
5.585326282283981,16.90606944133452,13.78070558467786,7.370920011060253,6.955490594328074,12.467542197450708,4.742197112232295
5.546720397005719,16.95913894496217,13.880288116770554,7.405365139179664,6.9577556279450725,12.395557453682208,4.772104277926482
5.508870301176265,17.00721666408579,13.980383906737437,7.435474375399968,6.958955784933187,12.326147818092997,4.802980982216596
5.471787805457914,17.050089304475552,14.080707372612844,7.461129732551145,6.958907790732095,12.259146195621868,4.834851594510827
5.435495861890806,17.08755429702182,14.180948492121038,7.4822243250033384,6.957432142461687,12.194379159150063,4.8677355475438455
5.400031063158888,17.119421765694625,14.280772096295406,7.498661204105095,6.954357947590581,12.131662556123192,4.901643280174901
5.365446470860123,17.145514713553567,14.379823876653903,7.510352529113417,6.949526576735955,12.070799373437016,4.936574220576316
5.331813150612779,17.165673704326778,14.47774247628049,7.517218348051885,6.9427927887215075,12.011579775976143,4.9725170237589404
5.299217487212819,17.179768503193653,14.574171749856902,7.519185487268266,6.934024983643579,11.95378253443342,5.009451520724923
5.267756706982089,17.18770744947063,14.668770243985973,7.516188038374529,6.923105814695139,11.897176905632294,5.0473512269462795
5.237537737386793,17.189437466814077,14.761219049685995,7.508170492210396,6.90993198999616,11.841524461927502,5.086185051259577
5.208680417631088,17.184938833892854,14.85122668624666,7.49509256509426,6.894412731119429,11.786580593640009,5.125917650451708
5.18132066166326,17.1742189911386,14.938527804400895,7.4769336835850675,6.876468238053575,11.732095599329613,5.166508813239311
5.1556097102648515,17.15730456503268,15.02287631300847,7.453696280493663,6.856029263162961,11.677815977725201,5.207912205268963
5.13171031533255,17.13423260642602,15.104038131690643,7.425408174910675,6.833037591139764,11.623487906095374,5.250074165039389
5.109792092197126,17.10504661623816,15.181789047103965,7.392124406913713,6.807446700581249,11.568863939962931,5.292932979167659
5.09002693693091,17.069801147018225,15.25591758630149,7.353928971291342,6.779222688265336,11.513709923350373,5.3364174904852915
5.0725845676264765,17.028569655360297,15.326227464116073,7.310936405374504,6.748345921937995,11.457809505470141,5.380444388240427
5.057627834518647,16.98144645482817,15.39253760356412,7.263291975747443,6.714812568044224,11.400969048573115,5.424915706948778
5.04530806014403,16.928542308487437,15.454684365164363,7.211169192627528,6.678634485769054,11.343024915088218,5.469718185289988
5.035761439748457,16.8699803062422,15.512529724781869,7.154765153102854,6.639837368043394,11.283848613901059,5.51472444703856
5.029107192642679,16.80589474152497,15.565972243499688,7.094296195533282,6.598458689333386,11.2233460136385,5.559794992084894
5.025447457784788,16.736431088723876,15.614953046798387,7.029996430169134,6.5545466029223425,11.161453590186875,5.604780426217642
5.024867949966211,16.661745646907814,15.65945270966613,6.962118886933199,6.5081590796627715,11.098135539622126,5.649524133856501
5.027437883460797,16.58200395587352,15.699481955847734,6.890936583244114,6.459362977241759,11.033381350482983,5.693866361747685
5.033208906115369,16.49737836117798,15.735070560147582,6.816742122193718,6.4082341413935895,10.967201873381189,5.737653721540869
5.042214883989917,16.40804789517191,15.766257131949411,6.7398467430477895,6.354858335877487,10.899623671020029,5.780759843831961
5.054474970938137,16.314201933310873,15.793081283764522,6.660579315609289,6.2993311948739,10.83068313240647,5.82311256766862
5.069999045227353,16.216044277392587,15.815578971440715,6.5792839213070655,6.241756417763311,10.760421843107338,5.864710485057722
5.088791061645416,16.113794243720974,15.833781460497399,6.496315211642641,6.1822433625375,10.688883328420228,5.905619864601897
5.110849562925712,16.00768445204305,15.847716195097085,6.412033228932237,6.120905535908094,10.616110025521394,5.9459604138455875
5.136170062518639,15.897956346540095,15.85740623337947,6.326799891235561,6.0578602403546284,10.542140091769722,5.985890111619167
5.1647506711947315,15.784855012580202,15.862867583590416,6.240977964258421,5.993229434295402,10.467005088673984,6.025592213117697
5.196595932253654,15.668624718749543,15.864106510551773,6.154932335356286,5.927142369281121,10.390729647412055,6.065264903538099
5.231715190544235,15.549505259680979,15.861118911172287,6.069032177237148,5.859738940083315,10.313334659693094,6.105113680732352
5.270117198671471,15.4277292862388,15.853892217188257,5.983651611815482,5.791171238104727,10.234844103674886,6.14534567919114
5.311803777909812,15.30352197850093,15.842407309497576,5.899167762264537,5.721602373132961,10.155291054800324,6.186164451617644
5.356764180793318,15.17710277228631,15.826637577335342,5.815956958970792,5.651203745346745,10.074719257892893,6.227763859644727
5.404972305478024,15.048686022152928,15.806545813523787,5.734390167619372,5.580152439284558,9.993182659740178,6.270321214674394
5.456387791824536,14.918478481957006,15.782081583011234,5.6548282595670525,5.50862942752222,9.910746791498626,6.313991023766052
5.510958250100844,14.786675047270593,15.753180264316104,5.5776170975403385,5.436817778959653,9.82749216159165,6.358900443136461
5.568619138663407,14.653455598799791,15.719763360880096,5.503082153252059,5.364899945797644,9.743516095271776,6.405146772905503
5.629291062668799,14.518984164950753,15.681741354788052,5.431523523507723,5.293054611279621,9.658930544075808,6.452796826410898
5.692876658953488,14.383409597699986,15.639024423016282,5.363213539811439,5.221454044412858,9.573858384861317,6.501887735461354
5.759258710352398,14.2468665352509,15.59154236090362,5.2983984485801985,5.150262186367283,9.488432866676838,6.5524288079683926
5.828298916528997,14.10947605088555,15.539263522795231,5.23730272124327,5.079634317682288,9.402801648872636,6.60440464636106
5.899835761722669,13.971346044713796,15.482202971108336,5.18013273690818,5.009720053777099,9.317131647798718,6.65777926558307
5.973682256729338,13.832571564622615,15.420422705512065,5.127078405503512,4.9406698131264735,9.231611043081655,6.712499081084551
6.049627037460773,13.6932357511735,15.354033358451723,5.078313493526693,4.87264209887718,9.146451468630852,6.768493047041962
6.127439706165669,13.553414126721501,15.28320227860552,5.033995433308726,4.805808047266455,9.061893932425571,6.825671029792823
6.206875913894497,13.413183977270052,15.208163500112702,4.994265127829066,4.740351881185346,8.978213702643933,6.883922148535913
6.287679187592514,13.272634602212475,15.129221409399667,4.959246628472319,4.676468666708333,8.895718120248835,6.943113417446923
6.369582256917241,13.131872250046488,15.046745730178458,4.929045506336359,4.614361375916834,8.814738628471067,7.003088823706305
6.452310137156092,12.99101884556403,14.961159698758399,4.903745657629593,4.554238094057571,8.73562089121202,7.063670028133969
6.535583120739866,12.850207410367606,14.872925527257323,4.883406123613794,4.4963087016768535,8.658714580730434,7.1246604396850595
6.619117627241784,12.709578233009186,14.782537463555952,4.8680593544163795,4.440780904538495,8.584363464540633,7.185852268731573
6.702625713244439,12.569281660179803,14.690528292142426,4.8577112479683455,4.387857824381163,8.512896852585744,7.247032656888674
6.785816086564919,12.429488251593591,14.59747687508987,4.8523426620024095,4.337738389455133,8.444623797174586,7.307985844800636
6.868398241222354,12.290397420760332,14.504001983266047,4.8519110427110945,4.290617830684297,8.379830868553324,7.36849262207165
6.950087587808641,12.152238145769862,14.410744845027638,4.85635092506369,4.24668540594798,8.318783710025915,7.428329342762991
7.030608467883115,12.015264234794516,14.3183504647694,4.865574475138933,4.206120170012104,8.26173165747505,7.487267296406321
7.10969633763056,11.87974749444403,14.227452708540321,4.879473435144785,4.169088204298939,8.20891274953006,7.545073209140168
7.187104783089015,11.74597198364572,14.138663664250052,4.89792084816845,4.135744746153313,8.16055558090272,7.601511215733499
7.262619455241482,11.614233560035025,14.05256518962046,4.920771106014419,4.106241497485913,8.116876242203123,7.656344792692583
7.336071690096759,11.484842642245924,13.969701321786921,4.9478601401126125,4.080734502500505,8.078072794939594,7.709337419246562
7.407343056768247,11.358122747421927,13.890572355274228,4.9790071033834735,4.059387595093115,8.04432149661084,7.760252877092902
7.476360882389276,11.234403005125976,13.815629329934891,5.01401590827198,4.042371066349533,8.01577453458301,7.808856209225504
7.543090914873272,11.114009116149559,13.745266819947155,5.052676236035948,4.029857655204903,7.9925563413829215,7.854914668890914
7.607531126590393,10.997255358020952,13.679815456751829,5.094767231069666,4.0220168191033245,7.974760328989149,7.8981977060436925
7.669706527000414,10.88443744988646,13.619536588909112,5.140065773814017,4.01900810304909,7.962451734192379,7.93847658485054
7.729663644944487,10.775826522951842,13.564619521159562,5.188355913419442,4.020974975618557,7.955676776273653,7.975525071122424
7.787464952294674,10.671664384994024,13.515181517657926,5.239434338050087,4.028039435753969,7.954470318094567,8.009121802368519
7.8431865698736996,10.57215994508614,13.471270537974707,5.293109933840513,4.040296819233062,7.958858519600692,8.039054401236422
7.896921924195614,10.477487891577852,13.432868600693103,5.349199062030131,4.057810883474208,7.968864804087127,8.065124939481036
7.948786923806048,10.387790612583311,13.399893638601396,5.407519996648816,4.080610184029362,7.984524777121782,8.087154641488077
7.998920163017196,10.303181670606396,13.372200837321914,5.4678896238829005,4.108686281196178,8.005899904757383,8.104985571299023
8.047479710844836,10.223748881397986,13.349585360098908,5.530124084555,4.141992968627786,8.03307703805868,8.118479814847886
8.094641610050441,10.149558793998018,13.331785956002255,5.594042629783715,4.1804463899219435,8.066154735533328,8.12751851513356
8.140599636593185,10.080665361975596,13.318487941319065,5.659470377721454,4.2239265960082895,8.105225804530164,8.132002145867563
8.185563087076593,10.01712229060275,13.309326227091203,5.726236334158623,4.272279073625355,8.150362619402577,8.131851371344299
8.229751888607614,9.95899544631259,13.303891782166637,5.794168533732999,4.325314640111684,8.201607015952625,8.127007000576183
8.27339053867089,9.906369386763187,13.301743282848243,5.863090310616659,4.382808997764559,8.258964401024269,8.117428781231908
8.31670335081047,9.859345156125974,13.302419859423914,5.932819329966433,4.444504094104805,8.3224023911087,8.103094200634905
8.359912466502522,9.818035024816924,13.305449133506794,6.00316890340781,4.510111924225709,8.391853345254487,8.083998111406432
8.403237340921844,9.782559951140883,13.310350486999992,6.07394993905798,4.579320164720088,8.467216683965617,8.06015275095097
8.446893133275482,9.753047394974082,13.316641311758493,6.144971490057427,4.651798155510909,8.54835872725072,8.031587253996134
8.491086468184006,9.729625650778619,13.323855479736768,6.216039618593296,4.727201736323262,8.63511257944922,7.998346338120574
8.536009534710184,9.712415431138439,13.331570909970111,6.286956541885995,4.805177224164606,8.72727904157194,7.960488458167639
8.581837002951044,9.701521928296552,13.339429546918929,6.357521390273057,4.885366130598679,8.82462622076082,7.918083817370063
8.628731396714164,9.697031882775434,13.347140713563318,6.427531738361874,4.967410551871395,8.926888261648962,7.871213232557438
8.676855545046777,9.69901696740189,13.35447524073449,6.496785209134111,5.050956993980565,9.033767354583716,7.81996919386647
8.726381779160473,9.707536452113791,13.361257936680607,6.565081930075243,5.1356571014265215,9.144940185803065,7.764458411842032
8.777491385536088,9.722632337331955,13.367358786028127,6.63222832355673,5.221165854835219,9.260064415984708,7.704803349755058
8.830368399286545,9.74432074248914,13.372685662722544,6.698040837088636,5.307138829343256,9.378781849764211,7.641142339244137
8.885192938874733,9.77258921409027,13.377186221543948,6.762347389605964,5.393230239077536,9.500720502292847,7.573630547348083
8.942134958740587,9.807404352988133,13.380859232927119,6.824986247226969,5.47909289323039,9.62549765219091,7.502442410237915
9.001349405531359,9.848725848396697,13.383762805137906,6.885804036822795,5.564379865245819,9.752724888599507,7.427773028110267
9.062975051444512,9.896520481936,13.386009834202829,6.944653903003296,5.648747003871558,9.882023241225797,7.349836628272778
9.127136088475895,9.95077178126176,13.387755484078985,7.001394087069987,5.731856098575487,10.01305181656986,7.268863176915095
9.193942166070908,10.011483218403702,13.389186050236672,7.055887825741033,5.813378936925942,10.145531749469399,7.185095546336611
9.263485272541276,10.078674565733458,13.39051208801044,7.108004872342999,5.893001479596832,10.27924797535288,7.09878811120059
9.335835870331824,10.152373115710471,13.391963620138903,7.157622961536637,5.970426701971974,10.414036598218177,7.010205160957499
9.41103932317045,10.232603559840497,13.393785065459879,7.204627170075337,6.04537575079245,10.549776922175347,6.919617546172948
9.489111025973445,10.319381283626381,13.39622824524982,7.248907571470438,6.117588375631476,10.686396049621848,6.827298468224551
9.570030459777053,10.412711145704279,13.399542980309683,7.290357572624167,6.186823701079962,10.823876832083059,6.733520392380417
9.653738034802483,10.51258710600486,13.403966694947977,7.32887432917672,6.252861525033077,10.962256575903574,6.638553464847216
9.740137558025744,10.618986334992053,13.40971434881579,7.364360581766652,6.3155034706459885,11.101616810291821,6.542664230097411
9.829102341406887,10.731858534536544,13.416969374706579,7.396726401154931,6.374573714491389,11.24207293063247,6.446113932885499
9.920481230635762,10.851117256526024,13.425876980873303,7.42589041983617,6.429919611849351,11.383767537282816,6.349156913142921
10.014102326677534,10.976638325805595,13.436541028025893,7.451782513720589,6.481412075274784,11.526862677095433,6.252039373302341
10.109774650991541,11.10826399590127,13.449024461650167,7.474350047708026,6.528945862836343,11.671525615890422,6.154998064289593
10.207290702143844,11.24580728083826,13.463352544041744,7.493565413023208,6.572440715974539,11.817911064087266,6.058258658422261
10.306431208312228,11.389052328295108,13.479518622754536,7.509429450696032,6.611842742928853,11.966148685274092,5.962033763236348
10.406969306414116,11.53775064561906,13.497491357573683,7.521969397027052,6.647123788407871,12.116342064667787,5.866520547864091
10.508672165065937,11.691616353931108,13.517219109734071,7.531234804227913,6.678278064679719,12.268577611732326,5.771898375011955
10.611301049706235,11.85032538674097,13.538628441121306,7.537293346908708,6.7053173997216815,12.422935060732046,5.678327168453821
10.71461094378808,12.013522711495506,13.561621244212908,7.540225643461815,6.728266779559088,12.579491102492534,5.585947371530674
10.81834996727433,12.180836284188127,13.586078957409349,7.540119487370358,6.747161552392415,12.73831409572908,5.494881760680618
10.922258658802724,12.351890457944537,13.611874813180636,7.537065857552772,6.762046706342783,12.899454035675769,5.405238211800291
11.026069179521636,12.526313577915799,13.638884718697792,7.531157800946128,6.7729770309937285,13.062933722945138,5.317113069431026
11.12950421818897,12.703740974340286,13.666991276273755,7.522490727772385,6.780016498527597,13.228745971322635,5.230597119494799
11.232275425002115,12.883815911284843,13.69608835508614,7.51116263174119,6.783236468200409,13.39685907385584,5.145785609035624
11.334082056415685,13.066188448575094,13.726094140845094,7.497273969449789,6.782713631757358,13.56722758222885,5.062788804606383
11.434610250844766,13.250513033337997,13.756967864871475,7.480927123587352,6.778528725903886,13.739801693296823,4.981737362160316
11.5335321854783,13.436449708450915,13.788717683890644,7.46222553172798,6.770766430429892,13.914531003589653,4.902781034777806
11.630505589066649,13.623670287676113,13.82139491460225,7.4412728250137254,6.7595162306101315,14.091361841875793,4.826083832209688
11.72517669982375,13.811861840483571,13.855082329262324,7.418172123031967,6.74487336784838,14.270228737459206,4.751818783482291
11.817187906186383,14.000722365692772,13.889885355715498,7.393025466834618,6.726939025400094,14.451043167026356,4.680162991829672
11.90618557416264,14.189953553478043,13.925926316921268,7.365933508794408,6.705820148956253,14.63368369627401,4.611292732343669
11.99182302702416,14.379256183329067,13.963336763495853,7.336996093143333,6.681629505432739,14.817988832529903,4.545379069965539
12.073759661234451,14.568328176490244,14.002246341707192,7.306314498210161,6.6544855202229956,15.00375294657724,4.482584383149682
12.151661403080984,14.75686364851686,14.042772685211983,7.273994583382559,6.624511927610443,15.190729161040007,4.4230598247151605
12.225205645284804,14.944552001407594,14.085019504774989,7.240148849565319,6.59183753674987,15.378641581373598,4.366943867181578
12.29408799560831,15.131075866334218,14.129083847533026,7.204897293945385,6.556595139829351,15.567199288844035,4.314361223225236
12.358026454162546,15.31610762717669,14.175063535932095,7.168368606223109,6.518919190626515,15.75610220914169,4.265421016028324
12.416764355790713,15.499306635733495,14.223059063003475,7.130701472077343,6.478944004765179,15.945040539350492,4.220214244931443
12.470075486765019,15.680319779836188,14.273175115804728,7.092044435445458,6.436805121142711,16.133699780225452,4.1788110057904
12.517768427427173,15.858786703350734,14.325524192550759,7.052553893832304,6.392644971964236,16.321779879064717,4.1412578493462755
12.559685963418032,16.03434780650509,14.38022738089719,7.012390726810567,6.346620058819235,16.509024995783182,4.107576539181569
12.595702487064097,16.20664897433881,14.437413329859396,6.971716535391794,6.2989051465197585,16.695253916825447,4.07776521579718
12.625725058860725,16.375339637474386,14.497220080560696,6.930690436486691,6.249693431993604,16.880384281323778,4.051800849619129
12.649699032769435,16.540070043331003,14.559794440915447,6.889466770454063,6.199194751112945,17.064449317526392,4.029641098847627
12.667614832113133,16.70049593512734,14.62528204082157,6.8481948119623555,6.1476332727147565,17.247603296825414,4.011225397665292
12.679512925142289,16.856289338866613,14.693811714670549,6.807021202548375,6.095244384795622,17.4301134800894,3.9964760933245356
12.685485429119648,17.007147237187553,14.765480420559646,6.766092526367115,6.0422698729488635,17.612355935465327,3.985299486677008
12.685673253141465,17.152797404059463,14.840340794275395,6.725555107514409,5.988951639931274,17.794838134575812,3.977586117515915
12.680260814189724,17.293005994213473,14.91839288292614,6.685552808018672,5.9355256913964904,17.97825310383717,3.9732103127858425
12.669473552972653,17.427583556746452,14.999581254738967,6.646224989564127,5.882217526746225,18.163561755586887,3.972029839074835
12.653580434394657,17.556385286557596,15.083795392422259,6.607704779394014,5.8292384911586135,18.352086089409152,3.973886615987867
12.632896894897666,17.679308831157673,15.170869710543018,6.570116398292213,5.776782849023139,18.545564987259358,3.9786081691292807
12.60778181358534,17.796292404871398,15.260583062139888,6.5335715047322624,5.725026321270036,18.746134346071383,3.98600873430467
12.578627300107533,17.907313691533336,15.352664944936384,6.498165893455704,5.6741263975768454,18.956255431966802,3.99589061930813
12.545846544174918,18.01239045479145,15.446818765912553,6.4639773677331664,5.624224104036909,19.178658772043025,4.008047665882482
12.509866219240509,18.111580189297353,15.5427581029896,6.431064894340161,5.575447073219442,19.41636139211319,4.022270785311606
12.471124061937436,18.204974216806725,15.64023275028607,6.399469108708646,5.527913223807845,19.67276802075092,4.038353337179818
12.430065817321873,18.292687454644607,15.739029413492688,6.36921420104072,5.481733116310438,19.95179492746224,4.056094528131172
12.3871376353152,18.374849412860637,15.838955734241594,6.3403110467273365,5.437009428704653,20.2579170540559,4.075300728234004
12.342776904613006,18.451597287114996,15.939822081812993,6.312760632073948,5.393834771236842,20.596096715325476,4.0957853341546135
12.297407382728089,18.523067222892998,16.041427000040954,6.286556180203181,5.352291033457156,20.971641463151997,4.11736785422762
12.251440623966749,18.589384110363067,16.14354686942565,6.261683238371017,5.312451218371761,21.390054650782563,4.139873187293764
12.205278727316447,18.65065741415252,16.245930448544325,6.23811851438603,5.274381112789901,21.856894831298302,4.163131614887073
12.159312691364773,18.70698716266369,16.34830065047643,6.2158289412469525,5.238138767448359,22.377628862463943,4.186978970416168
12.113917480178351,18.758472039526627,16.450365209404005,6.194771903643651,5.203772880588999,22.95747856234542,4.211257356173349
12.069448555738472,18.805209436670154,16.551831867180415,6.174896825981856,5.171321540793839,23.601289639865094,4.235818865183922
12.026241840647822,18.847289760637278,16.652417648532555,6.156148123451177,5.140811700340871,24.313455703845893,4.2605330358177005
11.984615133300952,18.884796987342874,16.75184665159792,6.138468948291201,5.112259534518857,25.09789480191433,4.28529395516064
11.944867574974856,18.91781999685961,16.849841219152058,6.121804302055629,5.085670985752604,25.958032060642417,4.310022593395236
11.907275513186027,18.94646356171971,16.946113297403024,6.106102490950835,5.0610416462404455,26.896762920556707,4.334664636332077
11.872085917034664,18.970848278855243,17.040358701733833,6.09131560648685,5.038357060427945,27.91644572158189,4.359186688339275
11.839511453068539,18.991102408911264,17.132254162505156,6.07740055244122,5.017594863485444,29.018971175750952,4.383572545622625
11.809733122225913,19.007352933259718,17.221455512833792,6.0643211713474185,4.9987279814013155,30.205879074643104,4.407819711187826
11.782910938571195,19.01971857005021,17.30759539363119,6.0520510873287785,4.9817272908723575,31.47846728939223,4.431935748915981
11.75919368257456,19.028304793520736,17.39028078683576,6.0405766653491995,4.966563250830909,32.837848799163226,4.455934290178266
11.738720011994031,19.03320059181143,17.46909239724076,6.029899050024304,4.953206394778871,34.284925168073535,4.479831363261806
11.721613856362953,19.034476314064776,17.543587364924033,6.020034045669403,4.941626342941296,35.82030977015704,4.503643538026537
11.70798159920607,19.032181789861916,17.61330456094941,6.0110091363925,4.931789760661132,37.44427576810435,4.527388937406641
11.697913488709785,19.026346759055986,17.677770180990183,6.002858076040656,4.923658579863002,39.15676030693903,4.551090026039861
11.691485506941996,19.016990240771047,17.73650270866326,5.995615072523528,4.917189420241538,40.95741615902751,4.574775897967305
11.688759964920695,19.00414191308621,17.78901947503853,5.989311450326222,4.912334141665842,42.845678946010494,4.598483428713937
11.689789657878057,18.987864775634577,17.8348495724934,5.983976697306813,4.909040774375533,44.82078839475177,4.622257875404258
11.69462742663875,18.96826393057214,17.87355674030298,5.979643069909963,4.907254204510699,46.881742376822345,4.646152462757416
11.703333455354954,18.94548098612541,17.9047676581093,5.976350171124124,4.906916652235738,49.027247518385515,4.6702263256352925
11.715972861671375,18.919684634411478,17.928195971626863,5.974146570319068,4.907967570254859,51.255721809005536,4.694541544396151
11.73260566812589,18.891064332782097,17.943659209325382,5.973088966729661,4.910342263811574,53.565331660518446,4.719160299413879
11.753276827988998,18.859831474634483,17.951088542251593,5.973240298376255,4.913970175487316,55.95403301543392,4.744142441920396
11.77801230694349,18.826228377711427,17.950526183734635,5.97466647252257,4.918774289510801,58.419607288450614,4.769543312902368
11.806821682528316,18.79053383635599,17.942109788464116,5.977431617189517,4.924671334689772,60.95968062349387,4.7954112648757015
11.839701428050034,18.75305529724042,17.926052644322343,5.9815935632218045,4.931572103785164,63.571717087081325,4.821784450136661
11.876633293613185,18.714112382831612,17.902628009886527,5.987201223632494,4.939382277872666,66.25298499476229,4.848687619381839
11.917579541686095,18.674020663966942,17.872158939821723,5.994293845857741,4.948004333625456,69.0004985517855,4.876130218350716
11.96248113574082,18.633078763311588,17.8350100016928,6.002901001690925,4.957340577556696,71.81094212215079,4.904105729837704
12.011260695152032,18.591559364415577,17.791579005128675,6.013042510952037,4.96729637208517,74.68060841299537,4.932591249682905
12.06382470516968,18.549704129627884,17.74229005930889,6.024728997903586,4.977781971216916,77.60541924795668,4.961546874448513
12.120060226104094,18.507720841625364,17.68758671417971,6.037964315748467,4.988712239105852,80.58104367834044,4.9909148317537495
12.179829362614997,18.46578298166268,17.627925392796367,6.052748916288792,5.00000491502348,83.60301775580724,5.020618844755756
12.242967449921519,18.424034041416263,17.563783900935338,6.069081496247422,5.011578671062531,86.66682089748022,5.050565888483484
12.309286505643035,18.382594157913623,17.49570545611919,6.086957584251976,5.023352256189063,89.76796479999678,5.08065178350048
12.37858078227663,18.34156421401699,17.424368506747037,6.106366336139044,5.035245628221932,92.90208420941985,5.110768212500304
12.450629629087024,18.301027272152012,17.350636633643973,6.127288503968937,5.047182418814334,96.06497264146141,5.140807803002997
12.525195694891957,18.261048228055273,17.27555626978182,6.149697709194017,5.059091681359139,99.2525794185241,5.17066673170591
12.602021012812148,18.22166987023116,17.200314607732818,6.173564802767963,5.070907665836625,102.46099236438559,5.200245395450843
12.680824979016199,18.182905153184432,17.126186413488565,6.198863991594764,5.0825682555593,105.68638934948653,5.2294476276605035
12.761306385750968,18.14472858374221,17.054484639959774,6.225578532036931,5.094013557145584,108.92495384643043,5.258180096130382
12.84314930218875,18.107069655088356,16.986518044995613,6.253702843639033,5.105185588723269,112.17277227301632,5.286352943710331
12.926030799880515,18.069810966124663,16.923556319011716,6.283239755283304,5.11602927655636,115.42575528395521,5.313880214117204
13.009626952052756,18.032794721768195,16.866802090974254,6.3141950365257,5.12649450070074,118.67964022174462,5.340678335373563
13.093615165238203,17.99583844247268,16.817368800550454,6.346571973257179,5.136537873886466,121.93006229618634,5.366663047449029
13.177674977001473,17.95875415024866,16.776264344152366,6.380366620548037,5.146122911865674,125.17259614966427,5.391746339287651
13.261488817280144,17.921364103858224,16.744379660557833,6.415563159840544,5.155219288363972,128.40272527496288,5.415834675908603
13.344740842623546,17.88351004639627,16.72247933780944,6.4521293029568225,5.163802163395598,131.61583584714714,5.438829133552122
13.427113284304232,17.84505616498591,16.711192515685795,6.490012513063731,5.171850902315516,134.80732213094336,5.460627100735046
13.508284234282915,17.805889147894156,16.711005527922453,6.529138202745216,5.179347182243767,137.97272588476645,5.481124424013436
13.58793221311437,17.76592126564553,16.72225771594053,6.569410552428532,5.186273849580095,141.10778370119104,5.500217208586559
13.665747151407754,17.725098410801042,16.745139776531815,6.610715479340975,5.192614952360204,144.20838577772577,5.517803851509701
13.74143937086888,17.68340577815823,16.779693950307852,6.65292438490341,5.198356595206036,147.2705238311659,5.533788043099333
13.814739318782314,17.64086416581977,16.825817488217947,6.695897543382238,5.203488584155992,150.2902716580459,5.548081285701629
13.885390024312352,17.597520815041918,16.88327186545047,6.739487289825557,5.208006683024352,153.26381851741024,5.5606028042976
13.953139030094393,17.5534421538094,16.95169734866629,6.783541407408954,5.211914509884037,156.1875568635333,5.571277326951022
14.017733704466657,17.50870914864649,17.030628697988366,6.8279058156019365,5.21522374373195,159.05820252640993,5.580033196034667
14.07891968201189,17.46341268418927,17.119507986949273,6.872430301700603,5.217952668802987,161.872910598863,5.5868026790132035
14.136440683250834,17.41764971105829,17.21769333508796,6.916994091654863,5.220124328380948,164.6293296434404,5.591524339369362
14.190038532402115,17.3715218390173,17.32446439748037,6.961560651102207,5.221764793511376,167.32558172085757,5.594145689710775
14.239453488821688,17.325134046847086,17.439026033452727,7.006235492693831,5.222901688069615,169.96022394196225,5.594624667821302
14.28442565735541,17.278590119334428,17.56051351316113,7.051294503641067,5.223563759189219,172.53221272474312,5.592929711507503
14.324697269125434,17.231985763898713,17.68800819796916,7.09718303420097,5.223781441673503,175.04083794215498,5.5890389508629825
14.360014967766642,17.18540334679861,17.82056834587859,7.1444983755949165,5.223587002407562,177.4856059335305,5.582939363622667
14.390132204639881,17.13890954630358,17.957260937292485,7.193959749553532,5.2230137949862785,179.86609343478995,5.5746264495674325
14.414812093395845,17.09255354862275,18.097176191439267,7.246372269208048,5.222095611422146,182.18183983235704,5.56410486821882
14.433829915372518,17.046365060205982,18.239424864975426,7.302596242306243,5.220865987797989,184.43233623088696,5.551390383727882
14.446974213259203,17.00035547471087,18.38312981950291,7.363529676562159,5.219356130691665,186.61711144482183,5.536512017876715
14.454046577259406,16.954523236953403,18.5274189085683,7.4301005701341705,5.217591486592366,188.7358651063769,5.519512830896952
14.454861044321245,16.908858218252107,18.67142140331472,7.50325547246955,5.215588219115074,190.7885572470482,5.50044955258361
14.449243868901343,16.863341155866824,18.814268760886662,7.583936749902862,5.213350496781976,192.77538932134763,5.47939248381409
14.437034141961352,16.817942063332797,18.955098012201567,7.67305749875516,5.210869046250967,194.69670340170464,5.4564265511349355
14.418085224684202,16.772624880422057,19.093056312072257,7.771497308183911,5.2081211861395715,196.55285921352723,5.431652993861631
14.39226614069393,16.727358491932076,19.22731612804012,7.880141492895876,5.205072220085357,198.34413133639762,5.4051898914420216
14.359462362059213,16.682125972824824,19.357119010569427,7.99995029404434,5.201677523052465,200.0706536901118,5.377170358880002
14.319576891061768,16.636931255957712,19.4818409040232,8.13200526527095,5.197884086357523,201.73241884204873,5.347739527203295
14.272533178439158,16.591813295947816,19.601036515272288,8.277500008001791,5.193631199205782,203.3293397350967,5.317052327821276
14.21827987989458,16.546866457690275,19.714436516373567,8.43769196944894,5.188851507734519,204.86135366816762,5.285272362159353
14.156794841294236,16.502251743920898,19.821915873748946,8.613844448241597,5.183473185843458,206.32848934234553,5.252570307954801
14.088085650073742,16.4581959309126,19.923459879893603,8.807177282271422,5.1774224413213625,207.73084214991394,5.219120878973649
14.01218721189568,16.41498888816919,20.01914003966473,9.018843764096472,5.170625308923212,209.06848340783756,5.185099053801207
13.929158406497294,16.372979921330902,20.10910957173235,9.249949141889488,5.163008427264548,210.3413662720222,5.150676851654837
13.839078706057975,16.332567346073912,20.193625594170676,9.501625712340239,5.154499246412087,211.549278206794,5.116021827034865
13.7420449390559,16.29418197650711,20.273083219914863,9.775169548008625,5.1450264469161535,212.69184406090258,5.081297939330239
13.638168484408377,16.25826805484112,20.348029758173325,10.072182148377788,5.134521609051941,213.76854655083426,5.046667935441989
13.527572987580418,16.225263349036407,20.419146670197442,10.394624463249166,5.1229226846097475,214.7787420077464,5.012295158596178
13.410393071935776,16.19558013550312,20.487216053135736,10.744765034233744,5.110178331809523,215.72168140700268,4.978343088726208
13.286775632305998,16.16958942147,20.55309079458588,11.125080369609183,5.096252055163472,216.59654961332822,4.944972626436394
13.156884144801491,16.147609747630092,20.617685605052042,11.538168119714262,5.081126097057893,217.40252070875493,4.9123385275845415
13.020902632679151,16.129900243353344,20.682010987776092,11.986709611636092,5.064804224923609,218.13882731030154,4.880586291478205
12.879035599796211,16.116656788266063,20.747238769574075,12.473469981502035,5.04731151334069,218.80483723453543,4.8498502908127366
12.731505730583176,16.108009618945665,20.81473877727507,13.001281907624344,5.02869084189927,219.40010926317402,4.820253901761782
12.578555467742708,16.104021681152727,20.88605082540842,13.572990306067812,5.008998379611788,219.92438740572112,4.791912081722256
12.420454539189056,16.104688366016255,20.962825680986565,14.191381829596924,4.9883007436050475,220.37752735305364,4.764935359562322
12.257507428249985,16.109937640680716,21.046783939352828,14.85911031760562,4.966674238262925,220.75940839298468,4.739432469075215
12.090054388532785,16.119629085112663,21.139699977928064,15.5786118912697,4.944204303614867,221.0698896394551,4.715509658212602
11.918466715518644,16.133553892652312,21.243382156847762,16.35201796670062,4.920984319116669,221.30882116972876,4.693267701043707
11.743141564872904,16.1514395289659,21.359630158916247,17.181082827922697,4.897115108660754,221.47607832605166,4.672799119531672
11.564500240554715,16.172959270922338,21.490182758267107,18.067138495496707,4.872705555766621,221.57158091115883,4.654186983820518
11.382989031559411,16.197742514380884,21.636677380309127,19.011078195643954,4.847872746747113,221.59529160673242,4.6375048923113456
11.199078007747108,16.225381796438754,21.800626539598248,20.013354262595932,4.822740764725951,221.54722982785455,4.6228172438553
11.013255419976598,16.255436390008818,21.98340921196149,21.07399559033569,4.797438797492356,221.4275440683262,4.6101790724929685
10.826021010413841,16.28743444463048,22.186291538422047,22.192682827241125,4.772099385066029,221.2366374752032,4.599634451914404
10.637882174859095,16.32087436257667,22.410487516653884,23.368884838222833,4.746857344716994,220.97529130402367,4.591213229006721
10.449351544160374,16.355226121911183,22.657222247009887,24.601985518461213,4.72184939495282,220.6447402964673,4.584927548680785
10.260942355848519,16.38993556434221,22.927758272879085,25.891349895458433,4.697213806926085,220.24667474755802,4.580770183558013
10.073161541663616,16.42443297070945,23.223418276470085,27.23639403194711,4.673089805662853,219.7831598565152,4.578715334282516
9.886502684643787,16.45814231607041,23.54564159201981,28.636718528675484,4.64961717629658,219.25651281162425,4.5787203689161
9.701440072271376,16.49048837366501,23.89602633551959,30.092212366400588,4.626936172646765,218.66920330996996,4.5807268275222475
9.518424427766428,16.52090290798918,24.276298266413498,31.603020540581195,4.605187125393904,218.02379683310812,4.58466109831613
9.337880498895379,16.548830843349453,24.688226271312754,33.16941148706185,4.584508857787433,217.32290145932302,4.590435779553418
9.16020540251565,16.573736718549135,25.133541681390295,34.79163193006342,4.56503574564892,216.56908403690184,4.597951458775518
8.985766814877826,16.59511329229076,25.613884987050977,36.46979154806701,4.546894805077666,215.76477327593872,4.607098004810213
8.814902300946102,16.612491199971117,26.130763016167343,38.203785934472265,4.530204481011851,214.91219353182444,4.617755183659952
8.64792081916046,16.625444944357433,26.68551304220868,39.9932625486875,4.515075254743843,214.01336493002992,4.6297935389233835
8.485104500592582,16.633595488791748,27.279310918131614,41.83762477544068,4.501610509392476,213.07017052490414,4.643076569692065
8.326708468586197,16.63661446562868,27.91322983362517,43.73604276456486,4.489906374165856,212.08445187892443,4.657463805262375
8.172959078040044,16.634230400245272,28.58828318568265,45.68746579947835,4.480051146532834,211.05809335334854,4.672813212331192
8.02405240405734,16.62623384818329,29.30539996901786,47.690659756248294,4.472125331063148,209.9930724228742,4.6889826151054
7.880154606660809,16.61248000788238,30.065355987594018,49.744238724980384,4.466202184279239,208.8914715879567,4.705831507949383
7.741406142347498,16.59288713473672,30.868702843840317,51.84663965126358,4.462348530366829,207.75546491794523,4.723223429884921
7.607930545154113,16.56742973612614,31.715720139227532,53.996054146175176,4.460626597577814,206.58729032871028,4.741027672869005
7.4798439442444495,16.536130551212604,32.60641358531231,56.19037331655005,4.4610974667509256,205.38920936156467,4.759120414420444
7.357260271883834,16.499062054629164,33.54055615923904,58.42717939231008,4.463824686795164,204.16346239923945,4.777386034110015
7.24029122908842,16.45636931834041,34.517741270964656,60.70377231991469,4.468875246676475,202.91225366938014,4.79571801060217
7.129042372873275,16.408307232270072,35.53745049965537,63.01720274974134,4.476316875207916,201.63779205293451,4.814018371914486
7.023606783567493,16.35526265276837,36.59915524399488,65.36429378291591,4.486213740697095,200.34234981055718,4.832195834476404
6.924058771724753,16.29774650238466,37.70240224863034,67.74164012222694,4.498623222468903,199.02827990287645,4.850163579250496
6.830449774035091,16.2363721614175,38.84681273223693,70.14558877671742,4.513594295070682,197.69797981460346,4.867837312313936
6.7428066694008395,16.17183551171411,40.03201769503925,72.5722316010501,4.531166315406312,196.35383470537775,4.885134270491792
6.661131715595737,16.104896704391724,41.257607927164294,75.01743445771888,4.551367355459568,194.99817874578574,4.901974642390438
6.585403019869531,16.036367349738224,42.52312807227611,77.47688735965984,4.574212474277634,193.63328386619972,4.918285611851362
6.515574512378314,15.967107819507854,43.82809771660523,79.94613587931634,4.59970293071158,192.26135941712263,4.934005298467054
6.451575673869103,15.898023960523435,45.17204238876836,82.42057012334257,4.627827003233523,190.88455002714588,4.949084368314406
6.39331325864886,15.830052198683225,46.554502697787484,84.89539467857642,4.658562119084627,189.50492456826873,4.963486109025333
6.340678293094565,15.764140505300503,47.97499065593445,87.36564814409009,4.691877212184565,188.12445007690067,4.9771871330336035
6.2935584876531685,15.701235207087628,49.432920227666195,89.8263009390361,4.727734151015884,186.74497081665035,4.990180055900571
6.251849702470638,15.6422696480931,50.92756341020288,92.27236124998787,4.766087577188455,185.3682249929609,5.00247636729416
6.215460063100978,15.588148854174596,52.45803784707896,94.69891957930929,4.806883322711023,183.99589449959043,5.014106814644414
6.184308260436599,15.539734584405549,54.02330623292732,97.10115240706212,4.850056112380183,182.62967068760832,5.025121216363236
6.158321182858446,15.497835575988283,55.62217539075088,99.47433992805631,4.895527549793085,181.27132055783508,5.0355904964011975
6.137431847786393,15.463198568080763,57.253279599436546,101.81391726438068,4.943205334859121,179.92271390068416,5.045608032039413
6.1215754412449455,15.436498530406624,58.91504808018071,104.11553547639723,4.992983382873441,178.58581313406705,5.055286327846167
6.110683069353286,15.418341997290613,60.60568234377077,106.37509561309184,5.044741477517127,177.26267720988798,5.064749909872141
6.1046756539188145,15.409293257663492,62.32314893709867,108.58874641414737,5.098344163381103,175.95547698761695,5.074127816790485
6.103460232203364,15.409904390014551,64.06516951984858,110.75287343738324,5.153640006923504,174.6664908946419,5.083547917443065
6.106928436374577,15.420723105708523,65.82920808029398,112.86412273422188,5.210462142025134,173.398108294742,5.093133223272726
6.114955849817783,15.44227825402456,67.61247307792748,114.91946314947138,5.268630147995012,172.1528634660044,5.102998947931555
6.127401568885958,15.475058447844228,69.41194836219026,116.916217928973,5.327952732242651,170.9334420821013,5.1132494213197575
6.144108096505076,15.519492379002983,71.22444860250673,118.85202081409288,5.388230093343139,169.74260988228454,5.123975218756827
6.164902613086504,15.57593144875994,73.04667332958344,120.72476376661552,5.449254915458526,168.5831044809835,5.135251476137687
6.189599640263756,15.64463439253966,74.87523558433283,122.5326030865524,5.5108123802981615,167.45754847451232,5.147137758304295
6.218002646635721,15.725755381552341,76.70666239764196,124.27398651736813,5.57268088335513,166.36840083627158,5.1596783996155375
6.249903696374604,15.819337713315155,78.53738470430265,125.94764792922112,5.634634276359282,165.3179415615181,5.172902020331941
6.285084368167757,15.925316890458829,80.36374615167144,127.55258233769659,5.6964443822107365,164.30825780462624,5.186820801119407
6.323319877979268,16.043536560587544,82.18203893391423,129.0880458744458,5.757882210564149,163.341198012581,5.201432026702816
6.364383319827743,16.173771107532367,83.98853933504994,130.5536111041086,5.81871796720723,162.41830809781928,5.216723770081949
6.408047094009609,16.315743053065983,85.77952228403367,131.94924795387968,5.878721308631355,161.54077857055864,5.232682374041162
6.45408202302386,16.469131232644063,87.55126262527374,133.27536130276692,5.937663021598944,160.70940106836568,5.2492965290270215
6.502255012559415,16.633571889604664,89.30003206891787,134.53279518997664,5.995317844856546,159.92452627278024,5.266556331822131
6.552325986517844,16.80865673221894,91.02209461951668,135.7228572788873,6.051466960356077,159.18603958942913,5.284450429295937
6.60404592601391,16.993935102553532,92.71371119356918,136.84732653976016,6.105898955429266,158.4933890630127,5.302963818253022
6.657157353040893,17.1889283164746,94.37115820793566,137.908400399173,6.158409657711055,157.84566522464024,5.3220760894170756
6.711397090549901,17.393163869250234,95.99074536455366,138.90862744890467,6.208802544450341,157.2416696284965,5.341759666126103
6.766500170456162,17.606225913616456,97.56882273732106,139.8508568781863,6.256890427015349,156.67993252352534,5.361978891425029
6.822203267197136,17.827796124097404,99.10179079267206,140.73818067146277,6.302496927214401,156.15871176999426,5.382690240198369
6.878246743893924,18.057661107090173,100.58612941057676,141.57387180577751,6.3454566721422605,155.67599590258263,5.403842373197826
6.934376077707028,18.295690909056233,102.01844686477418,142.36134841965185,6.385615384396584,155.2294978888775,5.4253751244746775
6.990343299544898,18.541806144265713,103.39553816311933,143.1041538668138,6.422830558719554,154.81663935317823,5.447217784472952
7.045907475802143,18.79594367911506,104.71442910739225,143.8059081522842,6.456971517861372,154.43454612460334,5.469287936924475
7.100834267436536,19.058024715060743,105.97238427713715,144.47023100267685,6.487918685379085,154.08006720884495,5.491492815346697
7.154897048285984,19.327926774570212,107.16688682572939,145.1007065280448,6.515563581545336,153.74979969467327,5.513733653895722
7.207880630824284,19.605460103957235,108.29562100497765,145.70091715333498,6.539810351883824,153.4400941060171,5.5359102485292
7.259584613622417,19.890350756808225,109.35647516548896,146.2744766237635,6.560578511589052,153.1470426344193,5.5579227712972825
7.309823375498843,20.182232242489793,110.34755199568323,146.8250484928731,6.577805944979347,152.86647815456746,5.579670908523767
7.358423597036931,20.480644023482142,111.26716909317442,147.3564155665215,6.591451096521082,152.59401973885275,5.601052054164907
7.405221563936192,20.78503520795137,112.11384909633391,147.87255067748458,6.601494038287673,152.32517344604435,5.621960261051768
7.45006182784679,21.094774159747278,112.88630056247038,148.37757077226877,6.607936310253565,152.0554373282326,5.642287056416008
7.492799028390855,21.40916355385194,113.58339520883565,148.87559127282904,6.610799335021957,151.78035743714483,5.661923501360538
7.533302258528517,21.727457944048304,114.2041529510896,149.37057866823488,6.610121948473153,151.49554622796376,5.680762692681376
7.571457898977464,22.0488782741731,114.7477313537534,149.86623870240828,6.6059576415087475,151.19669781768505,5.6987044780790885
7.607169109674116,22.372618153591578,115.21340596566127,150.36593684596846,6.598371464871348,150.87961187906197,5.715663784241826
7.640353808152363,22.697846340575794,115.60054151197541,150.87265652781102,6.587437378874159,150.54022612560834,5.73157902302557
7.670942386434311,23.023717111799133,115.90857062477662,151.38900722683945,6.573237492456636,150.17464578863976,5.746415243584034
7.698875653207616,23.349390586002958,116.13700010517101,151.91729248178723,6.55586298305748,149.7791553611543,5.760161017978251
7.72410326098862,23.674052983343906,116.28544631213546,152.45961740293896,6.535414871216788,149.3502221435092,5.7728224100800505
7.746581604842825,23.996931330029835,116.35367767189193,153.01798152161314,6.512003431755753,148.88451480317596,5.784417632009912
7.766270918741715,24.31731066158008,116.34165672349452,153.59432593620406,6.48574676105432,148.37894178650467,5.794973562806838
7.783132987698739,24.634566995946614,116.24959874127201,154.1905494476321,6.456769752788179,147.8306907895333,5.804523433665508
7.797129812261673,24.948212639948245,116.07803840196212,154.80851447229406,6.425203956042952,147.23725360890336,5.813104822598276
7.808222130966868,25.257926791027714,115.82786887928684,155.45005080645535,6.391187468292914,146.5964518183397,5.8207572555464
7.816367859405227,25.563553386004486,115.50033962831695,156.11696616536025,6.354863494115638,145.90647920046027,5.827518985379642
7.821522662488823,25.86507506483688,115.09702484912863,156.81105778651707,6.316377560565495,145.1659331018491,5.833424241618034
7.823645918081953,26.162576625472173,114.61978027192474,157.5340826466303,6.275874897695427,144.37381066109413,5.838504301149503
7.8227120547359,26.456204916201127,114.0707054768329,158.2876732783092,6.233499214970218,143.52949854576008,5.842794096027947
7.818720507394321,26.74613080528259,113.45212694155451,159.07327599359806,6.189392906540682,142.63277724112592,5.846340643400662
7.811698926242311,27.03251593922745,112.76661032698102,159.8921581594306,6.143697468111331,141.6838137401273,5.849207110522354
7.801705122310137,27.31548699454149,112.01698511136517,160.74540007713074,6.096552992418051,140.683130158602,5.851470246722231
7.788834273600091,27.595129268549357,111.2063438429836,161.63382910814678,6.048097324672049,139.63157021874116,5.8532139199257
7.773226595286717,27.871509610274487,110.33800204585759,162.55804395791384,5.9984657654290165,138.5302693873548,5.854522828350435
7.755068293063505,28.14471193556925,109.41544074327989,163.51863624985302,5.947790817459729,137.38061940518205,5.8554787654085505
7.7345861484924505,28.414855145453775,108.4422559812478,164.51645073885373,5.896201430004159,136.18423940033568,5.85615917094882
7.712038441149831,28.682089011250028,107.42212258314865,165.55267642895882,5.84382238703373,134.94296803823093,5.856636493435552
7.687704218963652,28.946586867843084,106.35877253472574,166.62875888151527,5.790774365307807,133.65886335154292,5.856977957338185
7.661873952189111,29.20854487015111,105.25599430362216,167.74624170945472,5.7371741318094935,132.33419067527467,5.857246074415535
7.634843220612416,29.468180361053406,104.11764824473366,168.90662209957708,5.683134715737507,130.9713951120242,5.857499349363327
7.606908431064169,29.725723963789694,102.9476706778095,170.11123712849331,5.62876623288014,129.57306146026875,5.857791915241087
7.578363037977949,29.9814143874635,101.75005244680347,171.3611585369133,5.574177090754629,128.1418681873383,5.858171628081381
7.5494931511378685,30.235500935674445,100.52880427478311,172.65709435929438,5.519474261950088,126.68054679018466,5.858677620302858
7.520572177564093,30.488239783230064,99.28791788283777,173.99930611772834,5.464762247853253,125.19184978860629,5.859338818171774
7.491855180646497,30.739873578846307,98.03132516643245,175.38752821772474,5.410141532029908,123.67852392029768,5.860174230196064
7.463573661341612,30.990605125231557,96.762865636277,176.82089766360116,5.35570732186458,122.14329649872951,5.861194550209765
7.435931335631613,31.24058054396443,95.4862730467761,178.2979846774965,5.301549091116162,120.58888688909627,5.86240359494245
7.409101770538646,31.48988636225838,94.20517558407336,179.81699805913667,5.2477514632157725,119.01803682429856,5.863798505268022
7.383228011156378,31.738557941201055,92.92309205581866,181.3760394581966,5.194397256632802,117.43354039075201,5.8653694838252335
7.358423189705631,31.986595167813373,91.64341930749337,182.9732116415615,5.1415727785572996,115.83826112150723,5.867100926500935
7.334771140710282,32.23398166521735,90.36942189552877,184.60662127404296,5.089373360359714,114.23513237988115,5.868974354533409
7.3123271737129105,32.480706003756396,89.10423610398257,186.27444394422233,5.037906809765772,112.62713672719467,5.870971548710639
7.291119801226522,32.726778607430326,87.850887349934,187.97502442995224,4.987294404392285,111.01726995650145,5.873076574106318
7.271153378069641,32.97223371974888,86.61230018011072,189.70687532584165,4.937670245735984,109.40851544947594,5.875277131523494
7.252411327210159,33.2171219568701,85.39129037387099,191.4685913919765,4.889179807058395,107.80384083541405,5.877566549390426
7.234860485683472,33.461512481918355,84.19055299155295,193.2587705188176,4.841978235520501,106.20619208588435,5.879946526678266
7.218456440196784,33.705517312069055,83.01264773594235,195.0759326243806,4.796228736276944,104.61846101679576,5.8824285346879215
7.20314877528595,33.94934388312033,81.8599760453141,196.91841356264104,4.752101441103042,103.04343674729498,5.885032463495386
7.1888868397160355,34.19335999371426,80.73477030978759,198.78427573867532,4.7097726760928555,101.48376766421221,5.8877845227706045
7.175628133477463,34.43813093728648,79.63910812958903,200.67126317528238,4.669423604542152,99.94194431454164,5.890716593753571
7.163348537607003,34.68441840245993,78.57492406962709,202.57678409155176,4.631237963353046,98.42029012839113,5.893866092449961
7.152049240527799,34.93316404475162,77.5439955232129,204.49788857509253,4.5953998998142005,96.92094604641329,5.897274891037148
7.141756618549377,35.18545924761832,76.54791535349568,206.43121692259214,4.562091783452718,95.44586191135149,5.90098734788707
7.132517286094745,35.44248905523307,75.58807072364306,208.37293370325023,4.531490810905734,93.99681570190035,5.905047776226401
7.124394004952149,35.70546021405351,74.66563737848205,210.3186895537223,4.503764683041679,92.57544886849813,5.909498445703137
7.117468165817914,35.97553343726527,73.7815885507004,212.26362871618937,4.479067551459501,91.1832908123761,5.914379679066624
7.11184877997796,36.253779283013074,72.93670658811519,214.20242575648618,4.457536940694077,89.82176827592079,5.919731115367542
7.107678598465096,36.54118175513269,72.13159037630527,216.12934078577584,4.439291938224623,88.4922049831173,5.925591464764318
7.105130287499335,36.838684343771455,71.36665974734281,218.03830358741726,4.424432058427398,87.19580997695792,5.931996359187682
7.104397087798852,37.147223438211974,70.64215668544703,219.92302059864056,4.413036150416882,85.93365631512539,5.938976042942639
7.105685198597694,37.46771235303737,69.9581485174459,221.7770918473368,4.405161919596175,84.70665655530401,5.946553926104064
7.109211064699204,37.80099790619153,69.31454053728783,223.59414650366747,4.400846112189407,83.51553996412605,5.954746009629012
7.115202960970333,38.147820178681826,68.71109300325654,225.3679777783189,4.400104173656847,82.36083642509018,5.963560633310656
7.123901292493269,38.50879448639904,68.14743395555699,227.09262584599426,4.402928962888248,81.24287128102553,5.972997552147404
7.135551995304809,38.88443193331415,67.62307231101195,228.76240741150554,4.409289418558268,80.16176707581899,5.983045949284417
7.15039481319276,39.275185201282284,67.13741377471383,230.3719461195479,4.4191301831945555,79.11744350669228,5.993682305763622
7.168652336033774,39.6814842270199,66.68976831473178,231.91622334627115,4.432372448336313,78.10961354602007,6.004870372198532
7.1905231125962015,40.10374971121947,66.27935342867436,233.3906033016091,4.448915537065973,77.13778186433935,6.016564766215033
7.216178633964941,40.54238705409202,65.90531960099425,234.7908075888823,4.468638544458633,76.20125553482637,6.028716121815074
7.245762602265078,40.99775602352432,65.5668014717471,236.11288347990697,4.491401885622793,75.29917250168677,6.041274576097033
7.279394399559885,41.47012295132824,65.26295971604581,237.3532068946733,4.517049712193943,74.4305443616817,6.054191161871954
7.31718338293795,41.95961869939575,64.99298248839457,238.5085122888592,4.545413693051662,73.59430222196404,6.067418143799483
7.359253787249955,42.46621941471958,64.75605192701141,239.57594661282923,4.5763162348823005,72.78932567105639,6.080909163472058
7.405766438293279,42.98975004293213,64.55130049696098,240.55315507066038,4.609571579419293,72.01444493992489,6.094619902894969
7.4569257790914785,43.529902993551694,64.37777289086327,241.4383450174605,4.6449863815644745,71.26843638560516,6.108508752413271
7.512975940217933,44.08626058854587,64.2344003058313,242.23025690138778,4.682361357305691,70.5500421996456,6.1225363861421345
7.574193024118784,44.6583021853738,64.11998976465168,242.92805941907358,4.721492705853355,69.85802542987366,6.136664588008655
7.640882642222067,45.24538918266857,64.0332203897693,243.53123619894552,4.762171710376512,69.19124484332814,6.150855976572823
7.713410691931727,45.846747690974674,63.97263612344145,244.039492141353,4.804183279172483,68.54872979156654,6.16507609284594
7.792281044399342,46.46146616174121,63.936637633259316,244.45267450058802,4.847305017546122,67.92974637757975,6.1792973766274315
7.87821392084084,47.08850341894439,63.923484195677226,244.77072183656668,4.891307172662509,67.33384194316321,6.193502575238392
7.972173732134003,47.72670250849252,63.93131039969806,244.9936659832011,4.935953309432768,66.76085937426039,6.207685721837989
8.075350250241968,48.374824643721624,63.958152680375086,245.1216669338214,4.981002264763259,66.2109398404705,6.2218505590596935
8.189114446341287,49.03161179335845,64.00197775418762,245.15502015988068,5.02621126050419,65.68452610430212,6.236007166196134
8.314957430944128,49.695852359744116,64.06071048550827,245.09411875603786,5.071338293926391,65.18234244197224,6.250168121357129
8.454423672142541,50.36642856014744,64.13226050389153,244.93941563507704,5.116142957960164,64.70533652571642,6.26434543298322
8.609051170099267,51.04235743074657,64.21454105763135,244.69141161556712,5.160387598395927,64.25460710842826,6.278548560827161
8.780322106748152,51.722830642262736,64.30547396161921,244.35067419745386,5.203840086290791,63.831342438047976,6.292783364213441
8.969621160621148,52.407242579798094,64.40298927341188,243.9179539631611,5.246277050864328,63.43678013885468,6.307051423779655
9.178198699134374,53.09519947087799,64.50503698976031,243.39441315110685,5.287486618475334,63.07219832729109,6.321348737677846
9.40713829100407,53.786504268338184,64.60961083982252,242.78180057258473,5.3272708317558575,62.73892750992416,6.33566380210156
9.65732926684903,54.48112221317819,64.71477045792788,242.08246334274642,5.365447758235542,62.43834348565382,6.34997672182735
9.929448929322904,55.17913580858476,64.81865683604173,241.29929897216408,5.4018537047607085,62.17182118779725,6.364260541013318
10.223965870596249,55.8806876352103,64.91949983888186,240.43572380984347,5.4363462783143515,61.940674316686966,6.378483829433138
10.541166061240883,56.58591474540703,65.01561881620682,239.49560060190362,5.468807253971085,61.74610813409376,6.392612899443563
10.881183417088609,57.2948907695617,65.10542972878314,238.48310294524975,5.499143318611821,61.58918903205022,6.4066131442688645
11.244029010502663,58.00759369911354,65.18746838865535,237.4025740805185,5.527284775043539,61.470824627635366,6.420449502404565
11.629630808715348,58.72391452763471,65.26041716103136,236.25843093748162,5.5531838016709605,61.39174736381796,6.434085932089619
12.037870397037793,59.443699986444166,65.32311469078176,235.0551454616018,5.576812766429979,61.35249422641471,6.447483819759141
12.468594284336236,60.16678949448255,65.37454620724316,233.79730009257116,5.598161919322517,61.35338544512468,6.460599281654208
12.921619040947526,60.893017227914406,65.4138317148128,232.48963953552342,5.617236601967684,61.39452040433737,6.473379754647493
13.396755422004132,61.6221921971118,65.4402258323092,231.1370600274246,5.634054774998267,61.475801954651985,6.485760757945021
13.89383075961024,62.35407809582314,65.45312540876004,229.74456341630187,5.648644701233529,61.59697607039725,6.497663546225083
14.412684875936904,63.08837812542816,65.45207226276545,228.3171937463413,5.661042516366016,61.75766248734827,6.508994229374974
14.95315242227485,63.824721391127355,65.43674540150842,226.85994369606823,5.671290555316134,61.95736117472423,6.519644803316471
15.51504582382086,64.56265620352482,65.4069553594302,225.37764663726455,5.679436724540492,62.19544450736214,6.52949587821736
16.098131599002,65.30167441765182,65.36265539878023,223.87488529428288,5.685533920648932,62.47116646883652,6.5384204904907985
16.70209673785404,66.04127143325609,65.3039631425176,222.35595251234196,5.689639626509657,62.78369613858807,6.546288609734803
17.326514023810205,66.78099876775276,65.23117878184532,220.82489560138086,5.691816871515503,63.1321366548039,6.5529728178742195
17.970815371387047,67.52047343899397,65.14479548582946,219.28563603015067,5.69213600956316,63.51550946436229,6.558356469597966
18.634281015640646,68.25935810425668,65.04550939223923,217.74210510529323,5.690675363003402,63.93274217001191,6.562343182431415
19.316047025676838,68.99734608028098,64.93423545816886,216.19830533663077,5.687519836040331,64.38269484257896,6.564863297816284
20.015125518296234,69.7341616944542,64.81210898745381,214.65826094023743,5.682758157341892,64.86420258966629,6.5658759684202295
20.730443021340886,70.46955281806166,64.68045309447817,213.12591511070093,5.676479994573033,65.37608587520235,6.565369503960729
21.460901877975253,71.2032591424006,64.54072790262178,211.60502771772508,5.668774230996243,65.91711462099319,6.563360394008068
22.205430846859272,71.93498250570389,64.39448029791801,210.09907360919237,5.659729302382431,66.48595441337221,6.5598896137371865
22.962987540679713,72.66441104997867,64.24329650945315,208.61115924042394,5.649434936095408,67.08112007606644,6.555017428044597
23.732526125000067,73.39130881900559,64.08876288782768,207.14403195114295,5.6379833745071295,67.70093955570084,6.548819071263074
24.51296733871598,74.11559954255335,63.93243861757255,205.70020350760532,5.62546920225238,68.34352835787517,6.541381606553768
25.303190651013473,74.83736941642942,63.77583537712748,204.28206436248456,5.6119883021474815,69.00677579471952,6.532800976689791
26.10204525222069,75.55680206089127,63.62040464736602,202.89187771325695,5.597636249512551,69.68834266821665,6.523179115852968
26.908358156698803,76.27411346834754,63.4675379896925,201.5316911684406,5.5825062742256035,70.38568315274458,6.512621829845352
27.72092376840827,76.98952867611503,63.31857465780906,200.20323568973987,5.566687447517503,71.09609705044437,6.501237604151298
28.538485631429364,77.70329248404624,63.174804225498335,198.90784709119927,5.550263627692971,71.81677977608439,6.4891365069481495
29.359725505382553,78.41570962070091,63.03746631235837,197.6464707889525,5.533313588255964,72.54484369767215,6.476428506788022
30.18325847001196,79.12723059595855,62.907759039471365,196.41976602590756,5.515912652573063,73.27733420217469,6.463221474259595
31.00763384941823,79.83854548567352,62.78685173570993,195.22820018667827,5.498134852522344,74.01126288616152,6.44961923069181
31.83135318581403,80.55060897423367,62.675888269382355,194.07206527547424,5.480054391453237,74.7436391307494,6.43571926493392
32.6529096343936,81.26459118716795,62.575977902708345,192.95152560299272,5.461746780421097,75.47147799874686,6.421609817772788
33.4708364877516,81.98180686285154,62.488175840442864,191.8667858594508,5.443290359267104,76.19179082793755,6.407367592560187
34.28374226438003,82.70364387744084,62.41345504857682,190.81827539002657,5.424767420972447,76.90157812289681,6.393058058015044
35.090313473415804,83.43148115655114,62.3526743404446,189.80670685144446,5.406263224566023,77.59783827399886,6.378738141206362
35.889292959513526,84.16659489202445,62.30655097585412,188.83300791302847,5.387862889891161,78.27759242831016,6.36445852858105
36.67947295156521,84.91008065130072,62.275644997603685,187.8982193038534,5.369648375884005,78.93791395504174,6.350263174282224
37.459731637659104,85.66285876241011,62.26035762850143,187.00343456836677,5.351696934835499,79.57595756004308,6.336186544174876
38.22909115729409,86.42578843593674,62.2609377996718,186.1497865770454,5.334080665362082,80.18899927869774,6.322251236582626
38.98675198645981,87.19978385070985,62.27748600462479,185.33844293463363,5.316866701667047,80.77448733301586,6.308467454445474
39.7320906353893,87.985816083286,62.309950501888544,184.57060237814545,5.300117514856193,81.33008044006051,6.2948336051820535
40.46463852416877,88.78482092372923,62.35812196914137,183.84749733419218,5.283890354999545,81.85366560602623,6.281337552463477
41.18405683692704,89.59759461835392,62.42163514856479,183.1703754753444,5.268235599078853,82.34337184981489,6.26795960755427
41.890111678281656,90.42472222444545,62.499975533807465,182.5404554293301,5.253194782448699,82.79758344393721,6.254679060489964
42.58265429618809,91.2665505841421,62.59248454396617,181.95889123328124,5.238798956650749,83.21495301295109,6.241484159971703
43.26160774956464,92.12319897827028,62.698367202559616,181.42676795909716,5.2250677591706,83.5944261119346,6.228380792221909
43.926949943442274,92.99458676798726,62.816706500065855,180.94511688446258,5.212009769069558,83.9352632439304,6.215394507455003
44.578686109392606,93.88045647920906,62.946473238112056,180.51489569435526,5.199623916931998,84.23703365767082,6.202566516664233
45.21682411497211,94.78038158069691,63.08652202079002,180.13688948238166,5.187900657264691,84.49959053722523,6.1899480691524635
45.841370942709304,95.69376832488507,63.23558119511604,179.81156392083676,5.176822393905235,84.72304592903183,6.177595356175438
46.452348820106,96.61987186028878,63.392247429885494,179.53892850354478,5.16636343282811,84.90774104497407,6.165564521928039
47.04982031939694,97.55784486594428,63.5549883063445,179.31843774967717,5.156489424579516,85.05420781297819,6.153906985134382
47.63391879658866,98.50685434315709,63.72215120169431,179.14894012302355,5.147156952468964,85.1631352805046,6.142666319566014
48.20487308847703,99.46627045700592,63.89197518620008,179.02867210326227,5.138314341490691,85.23535814027275,6.131876875690617
48.76300991874303,100.43581187981316,64.06260630905234,178.9552773476803,5.129903459858018,85.27186442880023,6.121562909199936
49.308734303948654,101.41555030716475,64.2321194834644,178.9258302010398,5.121861360011846,85.27379986900002,6.111737336852929
49.842501334802364,102.4058714299168,64.39854836859128,178.9368633318545,5.114120819492978,85.24245255176565,6.102400493227463
50.364787454941236,103.40751708595783,64.55991852967594,178.98441168566478,5.106610117198465,85.17921922785838,6.0935400071546875
50.87606844630025,104.42164778452772,64.71427668346298,179.06406763170895,5.099253821809757,85.08557491235698,6.0851330971469535
51.37683507801213,105.44981165026661,64.85972102476128,179.17102068635836,5.091975211224015,84.96307917813891,6.077151894089184
51.867670301077794,106.493843818362,64.9944374682203,179.30009756748083,5.084698359821096,84.81341470497276,6.069570332276814
52.34935105410009,107.55577354706331,65.11672489376346,179.44590594058306,5.077348295360369,84.63840254125077,6.062369352133634
52.82292881490915,108.63773059498682,65.225001447385,179.60312099937522,5.069850527522575,84.43996620528387,6.05553818766044
53.28978098569896,109.74181687732721,65.31781375747934,179.76674646216748,5.062131969790724,84.22008523129932,6.049072155904782
53.751616554343194,110.8699743644484,65.39385790460402,179.93217834302413,5.054123254067175,83.98077599841753,6.042968572545682
54.2104173728627,112.02389839392383,65.45199082989879,180.09511397385495,5.045761597594568,83.72409058965188,6.03722256329206
54.668336774213444,113.2049961509487,65.49122292858117,180.25144073131366,5.036993387593925,83.45212377195182,6.031824221848613
55.12759591771201,114.4143644562061,65.51071507065679,180.3971709565081,5.027774721805591,83.16702919084229,6.026757059293808
55.59039947080387,115.65279346079994,65.50980069041222,180.52842282828362,5.018069180026177,82.87102031063343,6.021997001866832
56.058865266605096,116.92080333794662,65.48801560406129,180.64141640972542,5.007844858815924,82.56633626945671,6.017512540420977
56.534959331377266,118.21866012428812,65.44510038275605,180.7324590741947,4.99707288543682,82.2552053167271,6.0132669091003415
57.02044832250942,119.54632281316694,65.38096885485578,180.7979312749435,4.985727434738592,81.9398420458158,6.009221075706521
57.51688977382197,120.90335863831125,65.29566682579421,180.8343009668591,4.973785752339701,81.6224568816652,6.005335179015817
58.02565541970501,122.28891705962896,65.18934251304708,180.83817977006822,4.96122723327534,81.30524363738903,6.001567863374231
58.547950235600844,123.70183569748517,65.06223360366202,180.8064090801818,4.948032692971372,80.9903555478262,5.997874995639928
59.08480489019782,125.14084887521682,64.91466246818241,180.73612985522894,4.934185702804001,80.67988892895615,5.994208583066043
59.63706044575331,126.60476136237665,64.74702638644972,180.624789463117,4.919675448974056,80.37586317364759,5.990515475223693
60.20536030070144,128.092481178194,64.55978447254185,180.47009319723455,4.904498476664471,80.08018173712759,5.986736327425271
60.79014336113309,129.60293413639707,64.35346006941003,180.2699442552026,4.888658132131317,79.79458268732145,5.982805617996672
61.39164354294924,131.13495463362915,64.12866349340537,180.02239830726288,4.872162670552275,79.52060406693701,5.978651858512017
62.009904398942645,132.6872168189052,63.88611584105395,179.72563115456296,4.855023251436687,79.25958052178864,5.97419715579028
62.64479397623222,134.2581965281589,63.62666253404968,179.37793388294622,4.837253093386191,79.01265632408156,5.9693568051570285
63.29600205345567,135.8461234243837,63.351284037085954,178.97777749067177,4.81886839980743,78.78078394665417,5.964039740361648
63.96302352164367,137.4489217532312,63.06110443403708,178.52393429844082,4.799889762044539,78.56470250826955,5.958150362649772
64.6451439800921,139.06417402651368,62.757389105776134,178.0155635440995,4.780343109321591,78.36492149064892,5.951591742574223
65.34145499217179,140.68912891405756,62.44153646620516,177.45220576339634,4.760260806328064,78.18173647610062,5.944268942983469
66.0509204442326,142.320748127212,62.11507494802852,176.8337231880811,4.739682843160368,78.01527919706407,5.93609184198216
66.77246030254184,143.9557675348934,61.77965667843897,176.16024233815455,4.718657663122756,77.86557508258466,5.9269792553391305
67.50498691339104,145.59074590536457,61.43703455972052,175.43212124825484,4.697242939393355,77.73257485734855,5.916865392152815
68.24738924770337,147.22210058424398,61.08903091077563,174.64992782197874,4.6755062832561665,77.6161482276869,5.905705512545693
68.9985259063632,148.84614287908067,60.737510733565514,173.81441120452547,4.653525057737474,77.51606144419446,5.893477021575296
69.75725498010604,150.45910202647835,60.38435735078561,172.9264814549423,4.631384638438459,77.43198539793292,5.880176390320896
70.52245559255798,152.05712005510628,60.031446257274304,171.98721485902365,4.609176779448166,77.36355038102025,5.865814737366126
71.2930049353589,153.63625128964807,59.68061967255326,170.99786445042386,4.587009857193476,77.31039508046022,5.85041414046398
72.06773758351449,155.1925241335125,59.33366086276117,169.95985177984969,4.565052009429612,77.27216395910507,5.834006222381285
72.84542231121668,156.7220414076819,58.99226845323766,168.87473926212857,4.543602018369602,77.24847961687928,5.8166336894024475
73.62475400465146,158.22104264374082,58.658044612156075,167.74418523045648,4.523143629360351,77.23892936922697,5.798353155051219
74.40434451152345,159.68593654341893,58.332512526731236,166.56988677097442,4.504360778261992,77.24306560993097,5.779236778645225
75.18271673309951,161.11335492322377,58.01715084765319,165.3535288344454,4.488136491778045,77.26041245498547,5.759372075088114
75.95831571052452,162.50018849852935,57.713413452688584,164.0967713064632,4.475547150782967,77.29048325182033,5.738860485983232
76.72952501061181,163.84355497945242,57.4227326309769,162.8013226261846,4.4678406248096705,77.33280287030561,5.7178146755923205
77.49466184167284,165.1407611417251,57.14653231360081,161.46909694149613,4.466398411389003,77.38691806110374,5.696354682770083
78.25195627490994,166.38932435607643,56.88625068412655,160.1023418346923,4.472692635277706,77.45239043126217,5.674604684489872
78.99955500195816,167.58701333391357,56.64334084321413,158.70364887325795,4.488243112162626,77.52877684437536,5.652691931113165
79.73556512378062,168.73184467040733,56.41924114209879,157.27589224198948,4.514576196251335,77.61560263657614,5.630746922757065
80.45809719948582,169.82202848551205,56.21534614133033,155.8221641913987,4.553188045248062,77.71233613435005,5.608902826448169
81.16527046356342,170.8558967010869,56.033002258661796,154.3457124869505,4.605513195075561,77.81836924144233,5.587293463351287
81.85519393254987,171.83186377117102,55.87351062545436,152.84986489725188,4.672898436577731,77.93299883354484,5.56605015881061
82.52595034990803,172.74845117250518,55.73811314631727,151.33795142658337,4.756583953961196,78.05541252806236,5.545297582898088
83.17559085385003,173.60435752078865,55.62797078003581,149.8132458739058,4.857691052142911,78.18469291461723,5.525149114833149
83.80214404541873,174.39853316046387,55.54414901155459,148.2789250979323,4.977210950816223,78.3198339483409,5.505702992736025
84.40364651958652,175.1302272325484,55.487599477795754,146.73804317472715,5.115991220119681,78.45974789316072,5.487040133410077
84.97820141837724,175.79898804179936,55.45912545257288,145.19354592762608,5.274721457353803,78.60326239922404,5.469224181610003
85.52406382826746,176.40462870231954,55.459343554652875,143.6483286875802,5.4539222527933555,78.74912434302757,5.452304746877642
86.03972318860663,176.94718770968421,55.48866068367164,142.1052840934348,5.653944767526053,78.89601264411417,5.436323060238791
86.5239478993545,177.4268797973609,55.54727157118991,140.56730206722168,5.874988473338229,79.04254667010443,5.421316532476188
86.97579844930262,177.8440209272632,55.63516704214036,139.0372415982213,6.117138948091221,79.18728506378463,5.4073201700165106
87.39462708130415,178.19894875302523,55.75213456043154,137.51789766457316,6.380430253730668,79.32872408263744,5.394366348634786
87.7800571392742,178.49196777687126,55.89774456224213,136.01196391366776,6.664941437868552,79.46530626643847,5.382484334538367
88.1319363417514,178.7233168111191,56.071339076625044,134.52199010537103,6.9709194636441865,79.59544021584004,5.371699203270636
88.4502788830086,178.89314303250507,56.27204622865527,133.05033527646924,7.298893649764069,79.71751944957563,5.362030289490884
88.73521676556565,179.00148596234695,56.49882356942462,131.59912620633511,7.649736088249512,79.82993376758286,5.35349009867611
88.98696836968989,179.0482873329456,56.750500675764485,130.17024980110284,8.024653163440673,79.93108303848969,5.346084568937953
89.20581751963083,179.03342328332744,57.02579254300087,128.76539470713183,8.42517157228391,80.01940293479088,5.339816330541834
89.39209507636842,178.95673605635605,57.32328866225926,127.38610459009003,8.853202616843168,80.09339701365786,5.3346911670162
89.54616261588977,178.81806007808515,57.64144063844308,126.03378780248813,9.311155394189717,80.151656344909,5.330723177509854
89.66839727080412,178.6172537428213,57.978572054105044,124.70967674086712,9.801982392672858,80.19285520180837,5.327934038227673
89.75917427121169,178.35422827499508,58.33292301914304,123.41477407276129,10.32911555434448,80.21573580346673,5.326347451670894
89.81884807331483,178.0289615023865,58.70271384720221,122.14983596716162,10.896354263045348,80.21910686019815,5.325982607365049
89.84773501356757,177.64151555906116,59.086197018490395,120.91545763133601,11.507757333008684,80.20186395887616,5.32684885227725
89.84610420948712,177.19207475354375,59.48167620699056,119.71228299362336,12.167532263818737,80.16301004650848,5.3289426724776865
89.81418597870513,176.68097894961332,59.88749349362907,118.5412326071271,12.879904927998545,80.10165242322208,5.332247305666687
89.75219716702375,176.10872128303453,60.30200413494313,117.40360387226279,13.648976616827872,80.01698029289457,5.336733304104917
89.66037998246372,175.47592263238616,60.723551699273976,116.30101480850401,14.478586938413466,79.90824157118563,5.3423579828042085
89.53904761465049,174.78334146325972,61.15044376306115,115.23526578510311,15.372195821090859,79.77473465324543,5.349064119282113
89.38860959544267,174.03195255050002,61.580932540034006,114.2081906277324,16.332788741328134,79.61581781124433,5.356779708140738
89.20955665590675,173.22303693552672,62.013206113192844,113.2215273137096,17.362805670585004,79.43092209929026,5.36541927645382
89.00242530532141,172.35820977997747,62.44538483914552,112.27681429745124,18.464092734412883,79.21956455182442,5.374885925758578
88.76777906983205,171.439396775376,62.87551502542026,111.37531231957593,19.63787258811341,78.98137526912754,5.385073269749681
88.50621567830767,170.46880799624054,63.30156364643479,110.51795473639908,20.8847324053759,78.71613254940037,5.395866589893603
88.21837481406419,169.44891003828454,63.7214240651715,109.70533990384848,22.204632767362682,78.42378365212319,5.407142939907915
87.90492515911717,168.38236375073313,64.13293771539453,108.93777592012715,23.596940315088048,78.10444409361634,5.4187713522742245
87.56653960861283,167.27193364394225,64.53392654610656,108.21534942112531,25.06047699331612,77.75838251481102,5.430614627456586
87.20387886207799,166.12042217947115,64.92222160785681,107.53796167163783,26.593558861906356,77.38599849053264,5.442532259744852
86.81759487442267,164.9306604744621,65.2956827920201,106.90530880044899,28.19400475798486,76.98780011694693,5.4543830294538385
86.40835884195846,163.70553439220132,65.65222135392759,106.31683935142405,29.859134467166808,76.5643922577045,5.4660268770328555
85.97690731686751,162.44801925289764,65.98982786751695,105.77174186030439,31.585789036171786,76.11649361553263,5.477326297678547
85.52408500465901,161.16120612951062,66.30659776104523,105.26898451431052,33.37037739496428,75.64498986841946,5.4881469169352775
85.05088163824115,159.84829768805074,66.60075683661515,104.80737384229944,35.208931341468606,75.15098948633603,5.4983568490860835
84.55847845327227,158.5125869919937,66.87068585941658,104.38559491286544,37.09716095301731,74.63583321245757,5.507825618849983
84.04828272847702,157.15745788349344,67.11492816205256,104.0022563100838,39.03050944536285,74.10105105111776,5.516424104438294
83.52191430811375,155.78638851888763,67.33217652419128,103.65596983880914,41.0041909457765,73.5482977786632,5.5240259966636645
82.98115072437845,154.402906824384,67.52125966714773,103.34542967703149,43.01320595514724,72.97928989875481,5.530510336642386
82.42786175355108,153.01049731092144,67.68114484195782,103.06945899109647,45.05237313015775,72.39575250120205,5.53576434659951
81.86395963718688,151.61251607360265,67.81094841034503,102.82703742300124,47.116410618577504,71.79938172276654,5.539685227408724
81.2913738261703,150.21219872831853,67.90993627827113,102.61732124221898,49.20003908734245,71.19182112930811,5.542180262916004
80.71202972024844,148.81278409196779,67.97751133120687,102.43970445682231,51.29806683009573,70.57464284468116,5.543166346713162
80.12781690389626,147.41763640407942,68.01320067547749,102.29396731928817,53.40547344375564,69.94933156110493,5.542570258359649
79.54057614362013,146.0302443518636,68.0166511166178,102.18041585987847,55.517521155867996,69.3172824631716,5.540329810270412
78.95212856627087,144.65411955609164,67.98762837257601,102.09987871598558,57.629856540050476,68.67981816649977,5.536395134689161
78.3643128217434,143.29267894960344,67.92601411096629,102.05357149171748,59.73853883339543,68.0382138559497,5.530729645447504
77.77899185219697,141.9491535731973,67.83180252092589,102.04292411589697,61.840000524059626,67.39372852441902,5.5233112464038205
77.19803543806891,140.62653890082655,67.70509741668528,102.06944061518797,63.93099589440902,66.7476507384199,5.514133840763791
76.62329199689444,139.3275869686524,67.54610823920082,102.13460244598237,66.00856373502292,66.10134153506212,5.50320755367836
76.05654975981399,138.05482152203828,67.3551548749194,102.23977954436204,68.06999602918003,65.45624130899176,5.490556936331721
75.49949537895078,136.81055420006757,67.13268799703857,102.38612725653078,70.11280082763902,64.81383824015508,5.476218622306271
74.95368164043008,135.59690612194598,66.87930288871743,102.57449176946622,72.13465187117008,64.17562270595626,5.460240189680955
74.42050164095629,134.41589515979888,66.5957273705888,102.80534841929027,74.1333248635617,63.54304643859832,5.442681367891051
73.9011620473814,133.2696121723261,66.28279745804626,103.07876898184554,76.10663145354602,62.917494253349986,5.4236173916799
73.3966585380804,132.16035911177042,65.94143941855262,103.39440563524488,78.05237035066695,62.300269396671965,5.403141726112667
72.90775811666082,131.0906272868475,65.57266023583398,103.75148994562075,79.96831563865422,61.692583804485785,5.381365769573419
72.43498634636654,130.0629697261876,65.17754364189261,104.148852722149,81.8522432488652,61.095546359323805,5.358416748863376
71.97861987813182,129.0798842253267,64.75725538935296,104.58497576102341,83.70196981152235,60.510161288395274,5.334435778732521
71.5386873418567,128.14375545586952,64.31305774081765,105.058079926097,85.51537621841366,59.93734913860452,5.309575799060599
71.11497473878751,127.25683898969945,63.84631943433123,105.56621902387853,87.29040290925485,59.37797392725739,5.28399848291168
70.707029400269,126.42123881142953,63.358512142779134,106.10732620031278,89.02501816865816,58.83285455405008,5.257870750474837
70.31416541660658,125.63885370327141,62.8511973026562,106.67919835408728,90.71718049691736,58.302761947931636,5.231362229731259
69.93547531954509,124.9113214968802,62.32600719982159,107.27945862837396,92.36483472343916,57.7884082863233,5.204643390076123
69.56984964040093,124.23998888739011,61.78462685323535,107.90553823984325,93.96596631918167,57.290431721099985,5.177882761920269
69.21601728631248,123.6258883916101,61.228784336779405,108.55467905400047,95.5186819988605,56.80938574033889,5.151243184955473
68.87261606881596,123.06971206785535,60.66024764337674,109.2239319757078,97.0212599611319,56.34573296763255,5.124878684232922
68.5382653297252,122.57182600143123,60.08082060692041,109.91015268866764,98.47215623632515,55.89983179964626,5.098932324013738
68.2116066922594,122.13234366938597,59.49233071069031,110.61004058356134,99.86999396355601,55.47191387418339,5.073533956705847
67.89131971684414,121.75118196636761,58.89660660735575,111.32023486197669,101.21356510633845,55.0620636486185,5.048797800340753
67.57613358704425,121.42803308710137,58.295452853219906,112.03740690625393,102.50185315931357,54.67020996072814,5.024820744041356
67.26483344549892,121.16229405294415,57.690629816489704,112.75830919354831,103.73405093180659,54.296126870816046,5.001681834154562
66.95625316954919,120.95302916945013,57.083836116734055,113.47981470909993,104.90954569210332,53.939433163831005,4.979443290326687
66.64926221430784,120.79897731878,56.47668897828131,114.19896156315609,106.0278810536744,53.599586613385625,4.9581530376817975
66.34275692895478,120.69856914784705,55.87070894197604,114.91296377620668,107.08872618112673,53.27588170972408,4.937847360758431
66.0356523152264,120.64994061608381,55.26732252554209,115.6191729451922,108.0918828474214,52.96746601982073,4.918551995407246
65.72687161695859,120.65096697375537,54.66789630315718,116.31502092811212,109.03735577381667,52.67338368904974,4.900281394873332
65.41534966072294,120.6993204479202,54.07380250440838,116.99797084651681,109.92547437207917,52.392632598753146,4.8830376131995585
65.10006255008891,120.79250388925271,53.486488230800695,117.66547842280369,110.75699042296824,52.12420519096093,4.866810939576297
64.78007088461638,120.92782981129112,52.90751779570433,118.31495487191296,111.53307539708962,51.867097402297624,4.851583045394776
64.45455667151985,121.10238383186683,52.338583090184166,118.94374206452287,112.25522476678768,51.62029848154693,4.8373309162659694
64.12284282269314,121.31303269784208,51.78148771358031,119.54914478646566,112.92513568148907,51.38278181146843,4.824029193456654
63.78438835631276,121.55648879106792,51.23811328633603,120.12853990489168,113.54460330208127,51.15350854533276,4.811650771956024
63.43876454905718,121.82938086844125,50.710383830529665,120.67949548378326,114.1154589944392,50.93145237774082,4.800167320821079
63.08562967888527,122.12827861692702,50.200239898631715,121.19981606649169,114.63959839375734,50.71564113656564,4.78955040917599
62.72471490804357,122.44968441591848,49.70961883988181,121.6875118625907,115.11910518392642,50.50518872298426,4.7797727006190325
62.35582513241026,122.79004078974761,49.24042801779637,122.14074796740638,115.55635546773712,50.29929891128969,4.77080863971251
61.97885209537492,123.14576562274199,48.794509443733766,122.55781901561403,115.95400224142666,50.09725267899964,4.762634168660087
61.5937874416867,123.51330252542728,48.37361155172955,122.93716084268493,116.31488262892096,49.89839607263768,4.755225656447634
61.200725230642526,123.8891754611763,47.97937516718659,123.27738233193666,116.64193695435681,49.70213314903925,4.748558610655613
60.79985947929671,124.27001560109719,47.61332646502152,123.57728287747506,116.93816200087879,49.50792233265146,4.742606507341591
60.391484617414584,124.65253487608803,47.27687701356915,123.83583574368,117.20656780618212,49.31526990306217,4.737340553290007
59.97599115306883,125.03348079141759,46.971331805521395,124.05216976783686,117.45013123664627,49.123715135403636,4.7327307579146
59.55385035203861,125.40963425632235,46.69789259865226,124.22559609047038,117.671782346485,48.93281077574885,4.72874737982846
59.125603251232874,125.77785957763712,46.457648472006404,124.35566153229378,117.87442322697457,48.742105345683775,4.7253630593955105
58.69186806136072,126.13515556457013,46.2515575242787,124.44216827150964,118.0609213840783,48.551129449977395,4.722556823684473
58.25335150448563,126.47868278653186,46.08042080400895,124.48514363703156,118.23404922212134,48.359387534697056,4.720318321912109
57.81084367753505,126.80578720876392,45.9448507551355,124.48478563221583,118.39639891399808,48.16635564759189,4.718649588880872
57.365201606101365,127.1140226673452,45.845242544620966,124.44140111766298,118.55030575913953,47.97148026860092,4.717564203453456
56.917334312821254,127.40118365393457,45.781751299365084,124.35534186764528,118.69781970226742,47.77417322238519,4.717085134513494
56.468184152575866,127.6653686343791,45.75427223843388,124.22694705884035,118.84078497501143,47.57380477140131,4.717242084139097
56.01869670027899,127.90502521415091,45.76242271150013,124.05650304832193,118.98102629785895,47.36970097561842,4.718068323839942
55.56979140676438,128.11893010842226,45.8055300713872,123.8442249741357,119.12054444109782,47.16115088987548,4.719596762382468
55.12235654301348,128.3061398006571,45.882635950411654,123.59025958126982,119.2616269502392,46.947425118610404,4.721855862183831
54.67727000385444,128.46594837665901,45.992524870589115,123.29471070145067,119.40684309671057,46.72780051750685,4.724866591899933
54.23541401064749,128.5978546067661,46.13376519864236,122.95767674706148,119.55893724830611,46.50158448623004,4.728641369261918
53.79766273416128,128.7015399637766,46.30474103610311,122.57927206053755,119.72066924341061,46.26813794799794,4.733185873476315
53.36486343970258,128.7768411794741,46.503671651599646,122.15962307848417,119.89466054893515,46.026904529357964,4.7385034436216875
52.937834194314085,128.82369961738607,46.72863037987423,121.69886554960746,120.08328720060572,45.77745882430035,4.744599749966302
52.51737390344008,128.84210960680866,46.977569736883225,121.19716149383842,120.28865753944558,45.519568557702414,4.751485299136702
52.10427341021344,128.83209010799854,47.248348515953104,120.65471788751442,120.51271644125501,45.25323523136999,4.75917476642719
51.69931870240461,128.79366536919713,47.53875301826029,120.0717904254942,120.7574491954231,44.97869010031563,4.767683609826628
51.30327960022549,128.72683434306637,47.84651070361347,119.4486946307277,121.02505377228344,44.69636190047295,4.7770237430284155
50.91689489795546,128.63154195952285,48.16930189136061,118.78584598882512,121.3179928744573,44.406837709567284,4.787199875048042
50.5408688140685,128.50769041524532,48.504775349460566,118.08380575596574,121.63897859441063,44.11082250478172,4.798206602624391
50.175871047948405,128.35519909358024,48.85056947355823,117.34329820249735,121.99094807942443,43.80910012583886,4.810026180488202
49.82252746291302,128.17405626497435,49.20434059272088,116.56519498694789,122.37701713693207,43.50249868009958,4.822627575820385
49.481404112811035,127.96430936538079,49.56379746591752,115.75048581234626,122.80040074729534,43.19186092873667,4.835966603404842
49.152994278094624,127.72602423462249,49.92672887432869,114.90025532789322,123.26431002729089,42.878022065606125,4.849986550322035
48.837715278770595,127.4592870264819,50.291012634046275,114.01566731605037,123.77185251217678,42.56179796536209,4.864620152154008
48.535914055152894,127.16426458467664,50.654612795752016,113.09794457991504,124.32597004935907,42.24398109233242,4.879793327191708
48.24787457610171,126.8412562784273,51.015578617151775,112.14835046701648,124.92940135069674,41.925339885336655,4.895428528668177
47.973826109251604,126.49068487740261,51.372050541604324,111.16821191230396,125.58464375577,41.60661976579738,4.91144610753448
47.7139577678872,126.1130615341124,51.722265408085434,110.15901413740521,126.29395548895185,41.288541249951074,4.927764438747661
47.468435639618214,125.70898281833986,52.064551035114214,109.12251778151236,127.05942297787959,40.97179491594715,4.944299447898757
47.23740791355274,125.27916712198748,52.397316947115776,108.06083081433107,127.88299902934743,40.65703917576753,4.960963934070439
47.020993220553656,124.82449464012018,52.71905523482302,106.97646979926881,128.76642912294736,40.34490065226155,4.977667557957837
46.81926578738152,124.3460124005417,53.02835249446211,105.872456545487,129.71111897696792,40.035977492886545,4.9943172452246465
46.632250744362146,123.84490221372333,53.323902572964,104.75237393841705,130.7180314281976,39.7308507064128,5.010817116646616
46.459930957045465,123.32243770914263,53.60450832100105,103.62030790830212,131.78763399718596,39.43009871840853,5.027068176269129
46.30226560882113,122.77994447148737,53.8690698221046,102.48072238050163,132.9198633968589,39.13430641365304,5.0429686278722015
46.15921953953616,122.21876441161112,54.11656743686294,101.33833247879164,134.11406784055862,38.84406704260807,5.05841511236069
46.0307882255712,121.6402264778616,54.34604454711863,100.19799665096242,135.36892709985167,38.55997511732356,5.073304545600742
45.917002057738095,121.04563116274446,54.55659089651892,99.06464096743935,136.68239437241647,38.28261286244282,5.087536417652915
45.81791278341642,120.4362585802312,54.74733200217264,97.94321412659055,138.05172146486993,38.012550851957165,5.101015293626833
45.733571555919596,119.81338518873422,54.91742873516498,96.83863965647892,139.47357916240733,37.750382656024584,5.1136523502515
45.663998759342576,119.17827447518523,55.06608549240504,95.75573752970706,140.9441937578513,37.496774372350885,5.125365147663345
45.60914660729825,118.53213759848084,55.192562529170274,94.69912794395145,142.45941764454577,37.252484281208375,5.136076368560363
45.56886633294751,117.8761000216739,55.296185768628426,93.67314895158601,144.01473686842476,37.018337861590226,5.145712683439706
45.54289836803472,117.21119913342685,55.37635096752887,92.68180078562355,145.605268280925,36.795182277406575,5.1542042802977885
45.530892544164296,116.53840049393351,55.43252736509508,91.72870503196512,147.22577971561705,36.58384557031555,5.161484674509002
45.532436697236605,115.85862970562188,55.4642648657836,90.81706335605148,148.870721471624,36.385108120814834,5.167490345034822
45.54706543242349,115.17283717176643,55.471200407301865,89.9496193455914,150.53424254058055,36.199683833208134,5.172161454088115
45.5742504456393,114.48206788234566,55.453059834228306,89.1286468150834,152.21019535034924,36.028209356978465,5.175444520150718
45.613394323938394,113.78748192166563,55.40965938755857,88.3559781669549,153.89215262529623,35.871243220319464,5.177294467568794
45.663838758707016,113.09032772058899,55.340909353556754,87.63305068300059,155.5734444376903,35.72927311811513,5.17767368812423
45.72488121052644,112.39190712479382,55.24681675733804,86.9609373088554,157.24720188949277,35.60272814285813,5.176549623302585
45.7957937742006,111.69355297687072,55.12749120095652,86.34035534384877,158.90638930282773,35.49199892072088,5.173892939665844
45.87584476735461,110.99661816884806,54.9831655136227,85.77167269676255,160.54382533945756,35.39746059737297,5.169676084930509
45.96431595356511,110.30245928245836,54.81423488859995,85.25493226813,162.15221131015971,35.31947944946361,5.16387150479236
46.0605012847003,109.61240711101573,54.621309269194946,84.78988829416241,163.7241796645703,35.2583970625099,5.156450023862329
46.16368734887946,108.92774091678601,54.40526573960685,84.37602813011549,165.2523599941773,35.21450975042053,5.147381559702469
46.273129157805144,108.24967093625955,54.16727447870708,84.01257472882523,166.7294486189475,35.188057479782486,5.136641114768955
46.38803007619765,107.57931130535071,53.90878106106043,83.69849052684722,168.14826632680058,35.17921794613403,5.124219233934981
46.507525854223466,106.91763894391865,53.63145919195421,83.43249569702691,169.50180170422436,35.188101489742124,5.110130758104352
46.63067213713315,106.26545604223715,53.337157992913426,83.21310227601056,170.7832573956573,35.21475103928097,5.094417400977784
46.75643855090591,105.62337702540928,53.027852297273455,83.03866223998254,171.98611035267282,35.25915244291453,5.077146020185128
46.88371124336784,104.99185471437028,52.705592297096565,82.90741642549978,173.10416445644606,35.32127221910132,5.0584064890754314
47.01130012040754,104.37123693151813,52.37245110812949,82.81752298366514,174.13157780936058,35.401127560633626,5.038310335184969
47.13794883806837,103.7618167021531,52.03047837987249,82.76705414098456,175.06288558263293,35.49884098572726,5.016988918120863
47.2623559254722,103.16387094634823,51.68167437354447,82.75396974138349,175.89305228705754,35.614634235766886,4.9945902901833135
47.38321134931294,102.57771938807005,51.327989304198034,82.77608725687911,176.61756953307372,35.748779203601686,4.971274879228761
47.499231688829354,102.003795031425,50.97133286371339,82.83106930946643,177.23258139226428,35.9015492487327,4.947210133132551
47.60917448898112,101.4427046413667,50.61357898598148,82.91644152024458,177.73499462475837,36.073192250414564,4.922564534633047
47.71183564823907,100.8952844743996,50.25656768449572,83.02963177091782,178.12253739604824,36.263917151172684,4.897501879412483
47.80604886052783,100.36262889152368,49.90210523595154,83.16800585524496,178.39375360259362,36.47387363549481,4.8721765477200085
47.89069474439267,99.8460786497631,49.55195281693052,83.32888305754342,178.54794671120334,36.703123370541,4.8467303530675485
47.96471149111435,99.34720727864517,49.2078018336743,83.50953995776557,178.58509731270675,36.95162133743234,4.8212912842288285
48.027106686042735,98.86781282980566,48.87125372575232,83.7072187865397,178.50577075183784,37.21921626043995,4.795973418874281
48.07697688611363,98.40989323960707,48.54381626070068,83.91913488609103,178.31102884804096,37.50566090242021,4.770876993367614
48.11352256627,97.97562575583825,48.22690390984925,84.14247546295397,178.0023576868646,37.81062491373477,4.746088745053095
48.13604121765409,97.5673631312198,47.92183359638664,84.37441819936029,177.58161087750992,38.1337078647375,4.721683158475989
48.14390795507157,97.18760548436406,47.62982666486206,84.6122007751265,177.05095645212123,38.474441310935674,4.697724842805896
48.13657086691531,96.83892571784158,47.35201782848295,84.85321299260418,176.41282166112038,38.83227166843684,4.674271932444672
48.11357359140046,96.52388103859359,47.08945290199233,85.09505080773597,175.66984662614507,39.20653393677879,4.6513797238771035
48.074587175448976,96.2449354570918,46.84306704503639,85.33551502959283,174.82485608104798,39.59643886998626,4.629103627663765
48.01942350862754,96.004383140231,46.613655009233746,85.57258465510402,173.88083896858433,40.001101017130296,4.607501369655149
47.948021298438526,95.80426781605706,46.40184660509447,85.80440168387916,172.8409240309173,40.41960691070768,4.58663412793924
47.86042018845205,95.6463188435347,46.20809188750987,86.02930134118904,171.70835601588547,40.85107681095603,4.566565690862258
47.75675236436247,95.5319237978278,46.03265646624744,86.24588881670218,170.48647898475846,41.294695432282694,4.547360279728409
47.63726134216512,95.46213379949539,45.87562805017215,86.4531003655549,169.17872472395516,41.7497346192714,4.5290820238830625
47.50232433898395,95.43767816637059,45.73693100213829,86.65019487335158,167.788602243844,42.21557113183652,4.51179849667518
47.35247200059064,95.4589623385204,45.616339489100234,86.83669812002236,166.3196792533481,42.69167944649693,4.4955864105175785
47.18842748991582,95.52604586819938,45.513488734646614,87.01234274797045,164.7755529375851,43.17759879237838,4.480534895925068
47.01115230859465,95.63863452712786,45.427894149819984,87.17701250246942,163.15983880010114,43.67288700710923,4.466744430087491
46.8218557474922,95.7961376336252,45.35897966457946,87.33069175999017,161.47620735093318,44.17707502027474,4.454322757917711
46.621957790207304,95.99778951856062,45.30610991953492,87.47343182112786,159.7284487212728,44.68963462612655,4.443379636724655
46.41303200900624,96.24274593921663,45.26862239853173,87.60533873352288,157.9205276577856,45.209960473379354,4.434021925753757
46.196754722872356,96.53008856119877,45.24585058659269,87.7265781698082,156.0566194717345,45.73735705203674,4.426350531886698
45.974868663947206,96.85877364861369,45.23712979763376,87.83738202397382,154.1411191379233,46.27102673659186,4.420459873346059
45.7491557456704,97.2275733911811,45.24178917643581,87.93803253164214,152.17860843490095,46.81006744350925,4.416438597335656
45.52141127079459,97.63502428699383,45.25914355069137,88.02882015789342,150.17379380752473,47.35349714038235,4.41436954949362
45.29341468157698,98.07941377611405,45.28849454613597,88.11000573058045,148.1314563398503,47.9003068531194,4.414328593226586
45.06690079976009,98.55882138823384,45.329131155291655,88.18182153450947,146.05643769566447,48.44950788964093,4.416383597345867
44.84354874064327,99.0711619632359,45.380316082069534,88.244507590484,143.95364228151857,49.000141028009274,4.4205948015251675
44.6249953145992,99.61418455803853,45.4412640281931,88.2983425489645,141.82803881116976,49.55125383319967,4.4270165741080945
44.412850680285885,100.18545726236155,45.511126057933495,88.34363980863068,139.68466541132696,50.10186851708734,4.435700276454668
44.20869452836565,100.78237315218931,45.588984044093515,88.38072177992525,137.5286161270638,50.65095802909094,4.446698789398858
44.01405857039467,101.40216298252334,45.67385179313534,88.40992318310047,135.36498677454634,51.19743927773205,4.46007311980557
43.830413846673,102.04191587094978,45.76467738371471,88.43165760820375,133.1988127418725,51.74018124369304,4.475899352762516
43.659169091764106,102.69864334332286,45.86034480920996,88.44650651027129,131.03503908699102,52.27802493386574,4.494272489308119
43.501667052297755,103.36937537041463,45.95968095932775,88.45526162500516,128.87851159278392,52.80981015178502,4.515305074167868
43.35916431709736,104.05122903478035,46.06147438817926,88.45889775606001,126.73395696238724,53.334392652024675,4.539121569965465
43.232796463644625,104.74142386687083,46.16450115391706,88.45850496389849,124.60595158467967,53.85064045522032,4.565850965126517
43.123540858526,105.43726353644739,46.26754222385387,88.45524064820658,122.49889840809315,54.357417735008234,4.595619549697234
43.03218902906811,106.13611263611244,46.369384798416,88.450334198523,120.41702450046046,54.85356961009867,4.628544495167633
42.959332376401875,106.83538968436316,46.46882204011742,88.44510766051734,118.36440052880606,55.337915611112784,4.664727938331593
42.90535434528289,107.5325918129005,46.5646726664558,88.44097510050688,116.34496623966153,55.80925923236863,4.704251593204377
42.87042441630166,108.22535368060923,46.65582061816571,88.43944175456005,114.36254177761434,56.26641457808802,4.747172855264888
42.85449756524267,108.9115022107144,46.74125277658948,88.44212923482286,112.42082054499558,56.70823583637992,4.793522621904219
42.857318826772065,109.58905511638339,46.82008161826306,88.4508041471282,110.52334761380523,57.133633659196,4.843303630963334
42.87842743570249,110.25616345112023,46.89155696602746,88.46737963007708,108.67348684645702,57.54157731212725,4.896489010112758
42.91715929657651,110.91104113365674,46.955065808193474,88.49389194223028,106.87437995382032,57.931090446578594,4.953022138830814
42.97264964124877,111.55191383045282,47.01011793346158,88.53245213872836,105.12890682021084,58.30124417865441,5.012818023072278
43.04384145509643,112.17699451669964,47.056329615776676,88.58516281603129,103.43966949008963,58.65115337837752,5.075765100287876
43.12951440607763,112.78448568726706,47.09342011789678,88.65401331412635,101.80901281749065,58.9799940584291,5.1417268537311624
43.22833859566425,113.37261312418613,47.121223223515706,88.74078321860675,100.23905368035634,59.28704549980461,5.210543273461593
43.33892813789745,113.93970868933255,47.139699747784114,88.84697969763052,98.7316779242795,59.571725343921365,5.282032332209294
43.4598705999389,114.48435581723223,47.14893099832616,88.97381625704388,97.28850465569944,59.83359032077445,5.355992153844353
43.58974103265165,115.00554219116626,47.14909302533243,89.12221916987869,95.91084636571114,60.07231394901643,5.432204007538307
43.72712773701002,115.50271971478651,47.14043260749422,89.29285866529533,94.59968284422405,60.28766212782292,5.510435000831835
43.87067800715208,115.975769409781,47.12325921622356,89.48620473194282,93.35565791940981,60.479469813464696,5.590440367410484
44.01913578525259,116.42496280407072,47.0979485977666,89.70256388154569,92.17910315718079,60.64761692379385,5.6719667587081135
44.17134653419786,116.85094792551351,47.0649445888998,89.94205939706511,91.07006987517192,60.79200578413627,5.7547564498647725
44.326247791362285,117.25470403836931,47.02475206073842,90.20458549218233,90.02834393262918,60.912539833692975,5.838550336169133
44.482876299165135,117.63744003546324,46.97792401952167,90.48977874339576,89.05345294345376,61.00910322916321,5.923088682434381
44.64039116836989,118.00047235513162,46.92504437103625,90.7970161946726,88.14470613410205,61.08154904142216,6.008110578121501
44.7980914678779,118.34513479455664,46.86670794490162,91.12544151643083,87.3012781990697,61.12970881522242,6.0933534413586345
44.955421106850764,118.67275557357883,46.803505648290646,91.47401833090088,86.52229058786612,61.153430943828546,6.178554479801247
45.11196880444203,118.98468180231772,46.736016763358265,91.84158534680085,85.80684216999458,61.152636456703064,6.263455357643043
45.26746120038499,119.28229164029058,46.66480219737029,92.22688088558125,85.15398803253825,61.1273603406006,6.347807506243642
45.42174033626503,119.56696904213325,46.59039606045019,92.62854430635291,84.56269153227082,61.077755433355925,6.431374345559496
45.57472609809819,119.84006014988495,46.51329698807473,93.04512347797835,84.0317770055275,61.00406734826485,6.513930806909423
45.726371450914506,120.10282970259038,46.43396186886209,93.47508084400819,83.5599017556724,60.90660168319695,6.595263502149544
45.87661933539644,120.35642925679652,46.352804519531844,93.91677902993285,83.14554406808332,60.785695888663184,6.675172767887568
46.025367536079806,120.60188977971558,46.2701969639544,94.36846480886136,82.7869935065819,60.64169812369913,6.753474167279505
46.17244291292283,120.84013057263681,46.18646932731462,94.82827387088872,82.48234971202409,60.47495327237076,6.82999694311774
46.317583558704726,121.07195817264629,46.10191107181834,95.29424848696529,82.22954613953205,60.28580440298094,6.904580275621763
46.46042758995741,121.29804880360699,46.01678172904543,95.7643693503485,82.0263879937172,60.0746181762266,6.977070926954548
46.60050957945174,121.51892447527094,45.93133137499021,96.23662400720019,81.87057811824266,59.84182565743821,7.047324631320998
46.73726478199778,121.73493220207959,45.84581826330106,96.70909802803158,81.7597239661916,59.58795715760483,7.115209296442698
46.870036670378774,121.94625461491658,45.7605132437229,97.1800344731485,81.69133770625245,59.31365169545246,7.180606912640357
46.99808960797037,122.15296701921719,45.67569099047423,97.64783234240903,81.6628437626046,59.01964233382966,7.243414093621069
47.12064496160057,122.35510085550847,45.591613587150064,98.11099935848475,81.67159652168212,58.70674579280104,7.303542157979025
47.2369518790378,122.5526750177825,45.50851331670555,98.56808655996063,81.71489508017467,58.3758729490686,7.360916147487533
47.346363965280766,122.74569227463344,45.42657973841724,99.01762712119324,81.78998368918884,58.028037110783515,7.415472038567257
47.44837504625351,122.93410215946807,45.345956084489885,99.4580928133089,81.89404744115183,57.66433649870676,7.467152658268386
47.54261048615172,123.11774914828035,45.26674553669565,99.8878679592845,82.02423273838781,57.285921821854195,7.515904238482229
47.62882043315636,123.29634603460588,45.18901682939504,100.30523533826835,82.17771874980346,56.893973969188636,7.561675584466392
47.70690102778976,123.46947636238636,45.112802198719535,100.70837757528594,82.35181693002595,56.48969935277269,7.604419258325438
47.776910418532516,123.63659200446028,45.038096199233145,101.09540718143504,82.54402797936142,56.074327622687505,7.644092085116708
47.83904610357105,123.79700483692955,44.96486435852477,101.46442122892566,82.75202597983791,55.64909775468761,7.680653743571142
47.89359813949554,123.94990398479842,44.89305932951768,101.8135422337841,82.97361590401694,55.21523701099546,7.714064632745634
47.940904777466905,124.09439745585297,44.822639500160236,102.1409143654731,83.20670691389033,54.77394282402317,7.7442848142126035
47.9813207001808,124.22955681923331,44.753586017264254,102.44466984589005,83.44929344409442,54.326374553196324,7.7712750739864775
48.01521124524394,124.35445769480961,44.6859100619059,102.72290165773965,83.69943281398534,53.87366115845203,7.794999563312986
48.04298050087439,124.46820936950033,44.61964807825473,102.97366897800437,83.95523043582244,53.416922117217354,7.8154284626231165
48.06510482232559,124.56999071446143,44.55485764821426,103.19504370944009,84.21484003965074,52.95728560633198,7.832539801561426
48.08213528637907,124.65911695071546,44.49162219523795,103.38518587640506,84.47648090777913,52.49589202108591,7.846320417126058
48.09466977933157,124.73509805532403,44.430051946570856,103.54241983444788,84.73846881474726,52.03389433500809,7.856766590743982
48.10331602941686,124.79764349491374,44.370267578630575,103.66527868991234,84.99923319572292,51.57247448619535,7.863885351587793
48.108658711846715,124.8466318090624,44.312372445809636,103.7525008580745,85.25730051449429,51.11287827765091,7.867696696402165
48.11123981398867,124.88206461065455,44.256427783946705,103.80299722915713,85.51126627959268,50.65645366147475,7.868235692367179
48.111556022190115,124.90400275804998,44.20243638208602,103.81582176281776,85.7597849526703,50.20466425237557,7.865552942099408
48.11006019724332,124.91249692797302,44.15033298288098,103.79015615316274,86.00157571987525,49.75906323809479,7.859712874847576
48.10715143933197,124.9075327624128,44.099986380010286,103.7253023896398,86.2354230930376,49.321248399025926,7.85079163251181
48.10315538993835,124.88901483576889,44.051223686611245,103.62068818588142,86.46016866703295,48.8928218880524,7.838876950106972
48.09830890292047,124.85680083109374,44.00387136101785,103.47589017187762,86.67471610468115,48.4753550805183,7.82406965148212
48.09276150549786,124.81075367297566,43.95778873487384,103.29065413012455,86.87805520267474,48.070355447078235,7.806484118633807
48.08659035492344,124.75077192365683,43.9128767847729,103.06490053525363,87.06927574158402,47.679243656346166,7.786246543761768
48.07981031679947,124.67679550769847,43.86907028982107,102.7987587132934,87.24755238740144,47.30334541711896,7.763492199172318
48.07237210120088,124.58880740963396,43.82633507867109,102.49265952707256,87.41211567070341,46.943886192810716,7.738363294529303
48.06416199573141,124.48684717650501,43.78467742934718,102.14741805743938,87.56222564755595,46.60197500195605,7.711007746155616
48.05500975152028,124.3710265824291,43.74415410103509,101.7642252597301,87.69715297473984,46.278577914312756,7.6815781604985105
48.04469479598542,124.24151922704192,43.704878985281674,101.34456410630294,87.81616979486317,45.974490893903244,7.650230729886007
48.03294981736983,124.09851477791466,43.667031544083045,100.89011899412334,87.91854653530675,45.690320184265154,7.617124202785701
48.019473302797536,123.94216006423056,43.63085929730593,100.40273218212424,88.00355350438629,45.426472756488714,7.582418383831181
48.00395326845266,123.77251275678849,43.59666828289187,99.88441837939169,88.07048306655962,45.18315289445761,7.546271999813934
47.98609200586562,123.58952169515669,43.56481773366975,99.33739242934817,88.11869553814904,44.96035958559061,7.508841029767287
47.96562011090532,123.39304122558114,43.53573025765888,98.76406167904116,88.14765447880636,44.75788631854594,7.470277711993715
47.94229378190686,123.18287193823934,43.50990342982385,98.16698300923886,88.15692148872945,44.57533227440742,7.430729307955712
47.91587836383667,122.95880401958283,43.487905164181186,97.5488022372146,88.14612190850247,44.41212662076972,7.3903369608062315
47.88612570710974,122.72065846773084,43.47034933101957,96.91218707234871,88.11490968965951,44.267554190290554,7.34923546522038
47.85275760990847,122.46835990632685,43.45786102661438,96.2597672670911,88.06294738329201,44.14077943055977,7.307553110173455
47.81547622695326,122.20204729451196,43.451045081221665,95.59408653597387,87.98990182813598,44.030878681147904,7.26541077428659
47.77400932428078,121.92215079438769,43.450464267041355,94.91755750139667,87.89544842520378,43.93687783874407,7.222920972426381
47.72816635331917,121.62937338876978,43.4566258330675,94.23242484834181,87.779275598503,43.857780018628134,7.180187290570368
47.677877085662914,121.32460818033995,43.46997159415314,93.54077045234212,87.64108528517251,43.792577300963174,7.137303476788819
47.62320233240235,121.00886008419808,43.49086844118554,92.84457576747802,87.48060278005748,43.74025054060053,7.094351598536651
47.56431640144989,120.68320484262064,43.51960308246965,92.14578964314836,87.29761298676908,43.699760434162854,7.051400022410973
47.50147344595488,120.34877695235926,43.5563833811832,91.44633988425993,87.09201237849653,43.67003153812057,7.008502651410632
47.43497444248327,120.00677899318548,43.601339575001084,90.74809511825865,86.86386380280878,43.64993428683644,6.9656996220055065
47.365137925068034,119.65854236558465,43.6545215275527,90.05282603367971,86.61345772116499,43.63827135567148,6.923018381449901
47.29227333596736,119.30564166934327,43.71589936893616,89.36219579864104,86.34136082867626,43.633770104059884,6.8804747981940775
47.21666051233963,118.9499668044153,43.78537401135997,88.67777383014354,86.04843030658301,43.63507984573846,6.8380748327612855
47.13853809347923,118.59367492504717,43.86279100626696,88.00105351207266,85.73580876375244,43.64077325012372,6.795816105152357
47.05810906377767,118.23906810759215,43.94794719544824,87.33346294795876,85.40491005881243,43.64935015248276,6.753688005510053
46.97556603015965,117.8884750101859,44.04058952423366,86.67636266528415,85.05738215742946,43.65924313608561,6.711671435748925
46.89111212044061,117.54417068274557,44.14040930086801,86.03102906700369,84.69504578188844,43.66883001656825,6.669741513022194
46.80495801693576,117.20833892852117,44.247033455589666,85.3986356482354,84.31982701320648,43.67645592603435,6.62787400186076
46.717312816817625,116.88306235372411,44.36001914171269,84.78024658630818,83.93369884345123,43.68045739353404,6.586051830606414
46.628387201739706,116.57032194057716,44.478857073568086,84.17682304323863,83.53863190690939,43.67918323887946,6.544268438559022
46.53839778760093,116.27199832505214,44.60297891284621,83.58923004376383,83.13654905112847,43.671014716832524,6.502528194129586
46.447563681922254,115.98986972314589,44.731762904451635,83.01824172468214,82.7292847867421,43.654381748477945,6.46084535016424
46.3561048532848,115.72560650595621,44.86454280221084,82.46455143899709,82.31855475408605,43.627769597883756,6.419242489370253
46.264242946068975,115.48078793614003,45.000628460688596,81.92877485712386,81.90593614321745,43.5897191334081,6.3777489773583875
46.17219377923371,115.25696092426281,45.13933265050269,81.41143380918574,81.49285735933907,43.53882619202895,6.336399711533309
46.08015116261377,115.05570137235713,45.27999085232882,80.91293600430146,81.08059904334833,43.47374104673943,6.295234667460946
45.988276523819295,114.87862293875207,45.421973341082385,80.43356727497792,80.67030674951289,43.393169196532334,6.254299637831845
45.89671460532626,114.72732623047243,45.56470157398439,79.97349713225093,80.26300664493505,43.295877560531494,6.213647245706755
45.805633815896215,114.60332431648962,45.7076769631904,79.53279261693338,79.85961346252252,43.1807076762049,6.173336528941257
45.71525413078091,114.50798668077594,45.8505094202798,79.1114269911406,79.46092706355294,43.0465924618131,6.133430950099215
45.62583462037082,114.44251392928578,45.99292154460489,78.70927535558431,79.06762459497236,42.89257216099531,6.093996096811254
45.53763605528576,114.40793937885604,46.13472787514932,78.32611899440658,78.68026513179707,42.71780805200396,6.055097571483988
45.45089022701347,114.40516065269797,46.27581288664679,77.96168325112745,78.29931399946788,42.52159887524371,6.016798935025632
45.36579467770639,114.43497862770064,46.41612276692603,77.61569658907966,77.92516479445949,42.30340733117579,5.979159595536511
45.2825285578972,114.4980934066918,46.55566554448621,77.28794434223407,77.55813631433891,42.0628937673198,5.94223228583268
45.20127002024875,114.59504829867907,46.69450699601139,76.97830531484313,77.19845671274935,41.79994180541965,5.9060605264111175
45.12220872372033,114.72617081164526,46.832764064359864,76.68676020888967,76.84626575196654,41.51466086669103,5.870677618957598
45.045557887290634,114.89154509064524,46.97060861708201,76.41337867532107,76.5016417480218,41.20736522995542,5.836108269659051
44.971556652345065,115.09100168763179,47.10828139980386,76.15831407399268,76.16462306381295,40.87854383862505,5.802371930862229
44.9004530843287,115.3241104195895,47.246107200677535,75.92180125316203,75.83520626039461,40.5288325146752,5.76948532335129
44.83247775076367,115.59018739231509,47.384503581580844,75.70412761805312,75.51335410151871,40.158989682556474,5.737462892607916
44.76782606440848,115.88831848003079,47.523972710120326,75.50557891477904,75.19903949978767,39.76987619008951,5.706316384132382
44.706656111154835,116.21738268152114,47.66507401828463,75.32638076499738,74.89228888091051,39.3624437085418,5.676054792035614
44.64909417730269,116.57606126914753,47.80838946980674,75.16665001323764,74.59318294310722,38.93773021479282,5.6466847503998485
44.595239313784546,116.96282284915097,47.95448932714086,75.0263668369886,74.30182594980432,38.49685240951392,5.618210603764064
44.545167731607656,117.37589189131,48.103896089968124,74.9053781105464,74.01831165283342,38.04099037061705,5.590633539450862
44.49895012610442,117.81323999272786,48.257047487708846,74.80343947762475,73.74269290368359,37.57137321090449,5.563950378812343
44.45668911571379,118.27262299995658,48.414265533660306,74.72027900621302,73.47495662094059,37.08927600252016,5.538152522338399
44.41855356023499,118.7516347664123,48.57573485281653,74.65563185595825,73.21501474706096,36.59602842453269,5.513224503824423
44.384787701368616,119.24774874564834,48.741489654083274,74.60921844280807,72.96272027142086,36.093032573594186,5.489142394741688
44.35570747788432,119.75834724341692,48.911415194000725,74.5806953122912,72.71789576898622,35.58178481617171,5.465873343138267
44.331697034360786,120.2807371629933,49.08526973417774,74.56961556084099,72.48034663368034,35.06388440813147,5.443376463453529
44.313197232726104,120.81217006574616,49.26271390675453,74.57540492368491,72.24985632686372,34.541016228361606,5.421604146070049
44.300680314761316,121.34989371441877,49.44332473837356,74.59734297875326,72.02618546978653,34.01491862587155,5.400503830025531
44.294617721497914,121.89120183200662,49.62658956890406,74.63455229637985,71.80907845002984,33.48735513098109,5.380020805511153
44.29544870545785,122.43343325457386,49.81189475842525,74.68602032010247,71.5982674021389,32.96009662874104,5.360100592194656
44.30355044004968,122.97394151060071,49.998524560045524,74.75066168273987,71.39348008354808,32.43491027533748,5.340689035352126
44.3192081799129,123.51007881510967,50.18567251403275,74.8273801620799,71.19446203039415,31.91355363556654,5.321731351608717
44.34258717069211,124.03920387703545,50.372457712404206,74.91509083596769,71.00100101814793,31.39777771766296,5.303172367574935
44.37371541322842,124.55870748806376,50.55793877652441,75.01272643682407,70.81293613541209,30.889335920100915,5.284957459402766
44.4124953669412,125.06605075626211,50.741120683877234,75.11927023329402,70.63015908962667,30.389988080284283,5.267032560104163
44.45874853204184,125.55883141356253,50.92095249499116,75.233798709171,70.45262045900331,29.901504690445496,5.249343272230399
44.512261920765475,126.03489655987181,51.096320380260224,75.35549444649229,70.28032585913492,29.42569475642932,5.231833945853823
44.57280468509062,126.49244777799181,51.26604166352884,75.4836308538815,70.11330696623925,28.964452308853943,5.214447154657434
44.640120657046275,126.93005810426766,51.42886183305445,75.61754454235034,69.9515852346615,28.51977595792868,5.197124187460882
44.71391750775496,127.34661006875166,51.583455253417775,75.75660037576489,69.79515778859813,28.093736780693938,5.179807446055229
44.79385555723358,127.74121726636353,51.72843024874581,75.90017173926623,69.6440160311168,27.68841729695056,5.1624446270420306
44.879530610521606,128.11315360220732,51.86233902345628,76.0476640463203,69.49818574277225,27.305849895431482,5.14499306199976
44.97045380478412,128.46179265868312,51.983695006469674,76.19856469768638,69.3577671629132,26.947963587438423,5.127422204647565
45.06603612647997,128.7865910009411,52.09099876590117,76.35246966377002,69.22295096031003,26.616540424443013,5.1097136013820394
45.1655855453616,129.08713776776156,52.1827674282607,76.50906563754457,69.09399842668434,26.313186609183088,5.091859878765429
45.268324247454686,129.3632102459467,52.25756242497423,76.66808739896237,68.97120167115469,26.03932853753901,5.073864559125916
45.373420325298056,129.61476872156646,52.3140122873565,76.82927137875393,68.8548491402762,25.796246149916612,5.055742678211389
45.48001305824415,129.84191793229843,52.35082692945357,76.99231292490643,68.74520489059067,25.58513363218127,5.037521355893291
45.58721863456855,130.04488972649938,52.36681215218085,77.15683946749641,68.642497573771,25.40714115563336,5.019240168124213
45.69412352948787,130.22404997480706,52.36090419255482,77.32241347409294,68.54691865297772,25.26336801428037,5.000951604874267
45.79977896677843,130.37990632382355,52.33222181701103,77.48856354112122,68.4586279405418,25.154828792036305,4.982721302357622
45.90320091381695,130.51309008021872,52.280105520481804,77.65484010405714,68.37775650570302,25.082418590542865,4.964626986420007
46.003371158639006,130.62429578426764,52.20412580561537,77.82089143963819,68.30439968991259,25.046880213842858,4.946755689534771
46.09923568303514,130.7141930904063,52.104071410995736,77.98652701111165,68.23859909357056,25.048776628177595,4.929200271621738
46.18970731025817,130.78333918266182,51.97993403211946,78.15172951261592,68.18031661894207,25.088488534563112,4.912056236855374
46.27368866416251,130.83211742325426,51.83189349778113,78.31661746792113,68.12940854106925,25.166260375170197,4.895418436099186
46.350121637001514,130.86073092475172,51.66029783878825,78.48138478302768,68.08560573909192,25.282288519562744,4.879377325862142
46.418049751299144,130.869250064042,51.46563638826059,78.6462327804873,68.04850663235051,25.436803171825147,4.864015610259907
46.47667090172984,130.85765919734402,51.248513882990544,78.81130164376455,68.01759376454733,25.630095274234314,4.849405937494979
46.525359914037054,130.8258612578658,51.00963681082529,78.97661202294798,67.99226872001346,25.862497926036024,4.835609641346749
46.563655888712866,130.77366303929293,50.74981190091138,79.14202843902497,67.97187657796806,26.134377751785795,4.822676096852133
46.59123116840034,130.7007688041872,50.469941562740104,79.30725350046484,67.95570455900362,26.44616003317302,4.810642464053696
46.60785995624392,130.6067821663743,50.171006908678436,79.4718655619881,67.94297177520089,26.798353884351137,4.799534711717414
46.61339077663298,130.49124014743722,49.85404638564968,79.63539753356643,67.93282622497203,27.19153841953539,4.789370083590452
46.607721014210654,130.35370045643248,49.52013828893303,79.79741502657139,67.92434597503059,27.626307862966513,4.780159216665128
46.590773298669866,130.19382759745045,49.170384382152996,79.95756112988151,67.91654426189055,28.10320139355287,4.771907401927927
46.56247543245475,130.01141845278892,48.80589086616847,80.11557970661951,67.90838620602732,28.622639804594655,4.764616480815852
46.52274709912098,129.80638425604184,48.42775019524694,80.27131861150633,67.89881615265017,29.18487111489457,4.758287228994767
46.47149981146279,129.5787262979849,48.03702768260162,80.42469876386667,67.886788117019,29.789921909187072,4.75292033560152
46.40865472448626,129.32852122212066,47.63475035663992,80.57567045884504,67.8712944596342,30.437567167418937,4.74851581189482
46.334167262577964,129.0559228689214,47.221894480392976,80.72420279268457,67.85139151917721,31.12733371201075,4.745072346946882
46.24803910586956,128.76117088461012,46.79937277108842,80.87033858087786,67.82622660259037,31.858521814943504,4.742586767827696
46.15031581352475,128.4445872833744,46.36802367652105,81.0142941955906,67.7950701344018,32.63021089673092,4.741052784243915
46.04108274333505,128.10655273370676,45.928603931932244,81.15652800186677,67.75734104670818,33.441240892716785,4.740460257661521
45.92046367646893,127.74746734234411,45.48178561849303,81.2977421223067,67.71260616376516,34.2901895462496,4.740798434205687
45.78861771108575,127.36771598856372,45.02815742670347,81.43885558067592,67.6605552589795,35.17536078374587,4.742065060295398
45.64572934943904,126.96765493445155,44.56822777820472,81.58096498354114,67.60096904490197,36.094782018651955,4.744277957654307
45.491990612275984,126.547608359172,44.10242839853818,81.72527966190383,67.53368622099227,37.04620780610639,4.7474822811741015
45.32758508426154,126.10785522969778,43.63111921316458,81.87305279890417,67.45857124542549,38.027132917330306,4.751750570211508
45.15269115738725,125.64861318165407,43.154597687839235,82.02553383438479,67.37549341534847,39.034810535052046,4.757178913439528
44.967509413824935,125.17004780166586,42.6731154774969,82.18392523427872,67.28431989160708,40.06626560156185,4.763882416014364
44.772296463874596,124.67231810018596,42.18689821073997,82.34932654781086,67.18490955255439,41.118301631467915,4.771989069226625
44.56738347854597,124.15563433325325,41.69615829550403,82.52268865455743,67.07709994478012,42.187506501755706,4.781631323583816
44.35317598797081,123.62029530038804,41.20109666508309,82.70479919763937,66.96069198889168,43.270262824517474,4.792937687682361
44.13014547563756,123.06669553713964,40.70189980659083,82.89628317864724,66.83543887231548,44.36276793506409,4.806026527605048
43.89881867354443,122.49533828739469,40.19873896013039,83.0976069939733,66.70104851172486,45.461065116131,4.821002049550034
43.659761578334916,121.90689153207023,39.69177071088209,83.3090942877502,66.55720347607517,46.56107889690837,4.837952011099543
43.413557762963926,121.30224748555378,39.181135472101175,83.53094994421764,66.4035807727273,47.65864293005474,4.8569467621047
43.16078658253805,120.68252334290557,38.666956725892064,83.76329716936984,66.23985725348807,48.74951740147823,4.878038049313172
42.902005733572764,120.04902555903645,38.14934916805324,84.00624211643154,66.06571864004638,49.82940273224649,4.901256719425814
42.637743099896184,119.40323929701681,37.62843641469072,84.25994249823582,65.88089083999427,50.893955552265204,4.926610803255618
42.36850567698558,118.74684511478787,37.104367110365736,84.52465945911553,65.6851804696865,51.9388082529448,4.954085187077793
42.09480295239984,118.0817281934883,36.57732372408759,84.80080539999345,65.47850611336246,52.95959147954814,4.983642339320205
41.81716729188433,117.40997126194374,36.04753085961692,85.08897742102354,65.26091782508115,53.951958425507925,5.015223369036628
41.53615969304125,116.73383741956754,35.51526675303032,85.38995652379884,65.03260464799024,54.91160994312447,5.0487492255401305
41.25236371147549,116.05575095296605,34.98088101655522,85.70467471033895,64.79388854528284,55.83431935430255,5.084121880702783
40.966372909770165,115.3783009349058,34.44483154387057,86.03414908620124,64.5452046268964,56.7159565696862,5.1212250938383885
40.67877754361179,114.70427739163796,33.90773569953274,86.37939684608247,64.28707447382628,57.55251469989312,5.1599245756498515
40.39015477031069,114.03670285746307,33.370399009032155,86.74136902675463,64.02009964343027,58.340143032859594,5.200067819109573
40.10105756849184,113.37882170470249,32.83380090374881,87.1209163549772,63.74499235612109,59.0751822097434,5.2414836876845605
39.81199712625088,112.7340479079677,32.29905762131041,87.51877722648717,63.462611050238536,59.75419121207293,5.2839822465118536
39.523425250642376,112.10589707692336,31.767383848290304,87.93560542151309,63.173964152840895,60.37396253219578,5.327356718196906
39.23573015172777,111.49794097290662,31.240056029291264,88.37205374555828,62.880186555904686,60.93153087604884,5.371388246871268
38.94925301404742,110.91378975301198,30.718385148993374,88.82885234731224,62.58250434360351,61.424180403514924,5.415850860189589
38.66431531223695,110.35705038267253,30.20372402455826,89.30679966710504,62.282196372594306,61.849453382245535,5.460514625960058
38.3812342409996,109.83123071871806,29.697513473963024,89.80667414216396,61.980560362562706,62.205164992915044,5.505148240234359
38.100316788416066,109.3396254229503,29.201321170893014,90.32912896773954,61.67888563983132,62.48942517168379,5.5495220637225495
37.82184419998974,108.88522545041617,28.716833413069637,90.87459993261035,61.3784379812404,62.700659252560975,5.593410259551868
37.54605985953694,108.4706530577505,28.245819225614333,91.4432285055387,61.08046039488654,62.83762013274477,5.636590947164986
37.27316277864165,108.0981188073773,27.79009820537412,92.03480474943603,60.786174273518924,62.899392239494006,5.678845687947071
37.003302165357844,107.76943037892498,27.351508601241033,92.64873121809413,60.49676496444486,62.88538955066356,5.719959794796187
36.73657153029072,107.48607008486869,26.931863732646512,93.28399708828456,60.21335595169379,62.79534919650622,5.759722773360154
36.473009750534025,107.24928142716166,26.532902590331076,93.93916174057999,59.93698302519597,62.62932101512962,5.7979283271746125
36.21261664547684,107.0600882867302,26.15625430208731,94.61237638147712,59.668572878978964,62.38765262470815,5.834375365945807
35.9553817770136,106.91925232459852,25.80346384853926,95.30145781782223,59.40892632761131,62.07097231184201,5.868870766005663
35.70131635540253,106.82723305910362,25.476134962517392,96.00396818250785,59.15870975404692,61.68017422951653,5.901232429113958
35.45047164562954,106.78418631390947,25.17614668118728,96.71725284885486,58.91846342221944,61.216407368222775,5.931291173469698
35.20293623077005,106.78998861269821,24.90579018839313,97.43845160767471,58.688636772396165,60.68106563698754,5.958891226516382
34.95882197829286,106.84426688301598,24.66774118709961,98.16451388955807,58.469644220418736,60.07577699550288,5.983889697174728
34.718248316104635,106.94641448119816,24.464930737431757,98.89221248607018,58.261906103356225,59.40239227570355,6.00615562495027
34.4813283746179,107.09557490191914,24.300402124775903,99.61814382336577,58.06584790226015,58.66297367908975,6.025569372409834
34.24816502128357,107.29060821872403,24.177184069058985,100.33872654132024,57.881873789606395,57.8597810516619,6.042023251198934
34.018860185284474,107.53009119607303,24.09818089987678,101.05021098906816,57.71034947388174,56.99525524463921,6.0554235431427985
33.79352375371283,107.81237147242395,24.066079891431762,101.74869376032994,57.55160797924325,56.07200008783474,6.065692531507458
33.57226800042604,108.1356312082365,24.083280317772743,102.4301319698762,57.40595848271937,55.09276493421118,6.072768867913154
33.35519165288103,108.49791449970623,24.15184778211829,103.09037202754261,57.27367583485378,54.06043032153215,6.0766060202617735
33.142364731583925,108.89712263682475,24.273486447474717,103.72521156594189,57.154977906411936,52.97799850920621,6.077170253781711
32.93381770352526,109.33100887286312,24.449513942173862,104.33048079585699,57.050007393692006,51.848586179260586,6.074440016931337
32.7295385870694,109.79719680889703,24.680832466355945,104.90210119805472,56.95881968804826,50.67541502051764,6.0684066102035406
32.52948976930973,110.29321455434231,24.967901627010686,105.43610541365818,56.88137965137247,49.461799856937525,6.059074254450857
32.33364469040256,110.81652468656482,25.310718748519,105.92864996206592,56.81757988312097,48.211137206942624,6.046459250142952
32.14201948882309,111.3645564918796,25.708807736722772,106.37605482831115,56.767275319924536,46.926897304439485,6.03058934593804
31.954679609099287,111.93474380871619,26.161223074376487,106.77486048698138,56.730302964749896,45.612618881866595,6.011503007551767
31.771734593895786,112.52453233578137,26.6665904333328,107.12186423514366,56.706468434653175,44.271901763437036,5.989248066235229
31.593353043421065,113.13133260749285,27.223192084654542,107.41412128814007,56.69551342332491,42.9083962474303,5.963880822944338
31.419804643414135,113.75245371551927,27.829063509504202,107.64893201216076,56.697082326796625,41.525793110262306,5.935466207926349
31.25149280368795,114.38506645356051,28.482065512367225,107.82383420934505,56.710697972797355,40.12781275346089,5.9040781120318115
31.088947879328796,115.02620670238355,29.179927168494494,107.93659563473679,56.73575916981485,38.718188520736675,5.86979970605563
30.932796298949473,115.67279616637019,29.92026061490388,107.98519955963891,56.771565870021476,37.30064552596399,5.832725356889241
30.783733863380114,116.32165157568166,30.70054900932631,107.96783091518829,56.81736248174054,35.878879842405375,5.792965692195737
30.642511341558436,116.96947455296352,31.518122101953463,107.88287037936786,56.87238365557872,34.456539048632486,5.750654715550724
30.50992904138204,117.6128429444556,32.370134174487795,107.72889171536222,56.93588072579767,33.03720250376103,5.7059553230940265
30.386841680515726,118.24822301544026,33.2535489349388,107.50465955206904,57.007113218817004,31.624361675102243,5.659060536201105
30.274169841757317,118.87199251393139,34.16513257842615,107.20913531616169,57.08531676445034,30.221402563249907,5.610190769562386
30.17289792892797,119.48045811030454,35.101467646809674,106.84149500822757,57.16967255276322,28.831590794161656,5.559588822110315
30.08404721499123,120.06986967788787,36.059012229601485,106.40114954806883,57.25929926818979,27.458058595954753,5.507514284082202
30.008642895587613,120.63643509683219,37.0341988868447,105.88775814699922,57.35327958475078,26.103793817773195,5.454238351833693
29.947696003370837,121.17632963311769,38.023519297684615,105.30123338205846,57.450706339816925,24.771631910260723,5.400038503942502
29.902193133286477,121.68569716165408,39.02355466305017,104.64174338495323,57.55070944467612,23.464251036266408,5.345192736037969
29.873081735996166,122.16066876373469,40.03096363547279,103.90972696859268,57.65244709586988,22.184169320126525,5.2899752870057055
29.861255703167934,122.59746927155447,41.04245399906468,103.1059278425261,57.75508534219986,20.933742583581406,5.2346554112913095
